2.342383202441999896e-05  9.998844143792500194e-01
3.640294071256000179e-05  9.998844071617661866e-01
4.946310253887999911e-05  9.998843815920837041e-01
6.264011073946999938e-05  9.998843717326793001e-01
7.597066726417000366e-05  9.998843505848735713e-01
8.949271488962999988e-05  9.998843293191576054e-01
1.032457841501000011e-04  9.998843064798089708e-01
1.172713595697999966e-04  9.998842582729022821e-01
1.316132697152999956e-04  9.998842496499438237e-01
1.463181055898999869e-04  9.998841921044867576e-01
1.614356718282999978e-04  9.998841747086452125e-01
1.770194749580000066e-04  9.998841334971021455e-01
1.931272526036000069e-04  9.998840777820776626e-01
2.098215468140000135e-04  9.998840243153190865e-01
2.271703235526999947e-04  9.998839595186362894e-01
2.452476386402000007e-04  9.998838804701978278e-01
2.641343478223000035e-04  9.998838093156048323e-01
2.839188549017000241e-04  9.998837212057393176e-01
3.046978866357999763e-04  9.998836170158258430e-01
3.265772759994000252e-04  9.998835021700425152e-01
3.496727260038999920e-04  9.998833720431162808e-01
3.741105141649999992e-04  9.998832225272648033e-01
4.000280826857000017e-04  9.998830421240465505e-01
4.275744415051000130e-04  9.998828688122438635e-01
4.569102911858999782e-04  9.998826519033153781e-01
4.882077516661000190e-04  9.998824177307558125e-01
5.216495639768000542e-04  9.998821093837827467e-01
5.574276195708999975e-04  9.998818165986453899e-01
5.957406721912000391e-04  9.998814409853409302e-01
6.367911080454000420e-04  9.998810185196242983e-01
6.807806996423999748e-04  9.998805409218854967e-01
7.279053533266000107e-04  9.998799910046903827e-01
7.783489813344999847e-04  9.998793589620478262e-01
8.322767778543000263e-04  9.998786273243107647e-01
8.898283346332000075e-04  9.998778222009795380e-01
9.511111628064999792e-04  9.998768908917393672e-01
1.016195255284000004e-03  9.998758393850922799e-01
1.085109294781000074e-03  9.998746366142374775e-01
1.157838971978999900e-03  9.998732770357393607e-01
1.234327641091000072e-03  9.998717722692982424e-01
1.314479250979999929e-03  9.998701114908591370e-01
1.398163211007000077e-03  9.998707566349662734e-01
1.485220641883000080e-03  9.998724430608919578e-01
1.575471360650999896e-03  9.998738671411457890e-01
1.668720961563000069e-03  9.998750974367860422e-01
1.764767458306999975e-03  9.998761440898240593e-01
1.863407108892000102e-03  9.998770233766142157e-01
1.964439211971999964e-03  9.998777769556341788e-01
2.067669811600999791e-03  9.998784127535775834e-01
2.172914359267000012e-03  9.998789573422522947e-01
2.279999453167000020e-03  9.998794060060796074e-01
2.388763809778000208e-03  9.998798003779429955e-01
2.499058630350999878e-03  9.998801310427549716e-01
2.610747514660000015e-03  9.998804141898753883e-01
2.723706054301000112e-03  9.998806554435939464e-01
2.837821214033000011e-03  9.998808545049379104e-01
2.952990586161999970e-03  9.998810104185607006e-01
3.069121581779000150e-03  9.998811866639355506e-01
3.186130604892999964e-03  9.998812549563368401e-01
3.303942241270999957e-03  9.998812952346520788e-01
3.422488482730000076e-03  9.998813426682237049e-01
3.541707999477000136e-03  9.998813434333424510e-01
3.661545467102999933e-03  9.998812722108973983e-01
3.781950950703999968e-03  9.998811514001203493e-01
3.902879345766999825e-03  9.998809087381252958e-01
4.024289873653000109e-03  9.998805299114920109e-01
4.146145628419000383e-03  9.998800631080259071e-01
4.268413171131000411e-03  9.998794135527471205e-01
4.391062167583999892e-03  9.998786240046678708e-01
4.514065065344999642e-03  9.998777227511752574e-01
4.637396806186000128e-03  9.998765762703271109e-01
4.761034570192000312e-03  9.998750440811279283e-01
4.884957548120999644e-03  9.998735555700036803e-01
5.009146738897999988e-03  9.998716197525641114e-01
5.133584769397000168e-03  9.998709587282903488e-01
5.258255734000000410e-03  9.998687638411527523e-01
5.383145051656999629e-03  9.998656365790526968e-01
5.508239338427999877e-03  9.998642294939622532e-01
5.633526293744000289e-03  9.998607274852526761e-01
5.758994598793000345e-03  9.998595500302880357e-01
5.884633825648999915e-03  9.998575574682896372e-01
6.010434355912999856e-03  9.998550659281368880e-01
6.136387307793000380e-03  9.998516034970691413e-01
6.262484470651000397e-03  9.998493619535039345e-01
6.388718246205999859e-03  9.998463951949891904e-01
6.515081595630000007e-03  9.998438875959307914e-01
6.641567991894000225e-03  9.998407480880118214e-01
6.768171376798999897e-03  9.998383087810717162e-01
6.894886122160000241e-03  9.998358544437143669e-01
7.021706994728999646e-03  9.998332634239994743e-01
7.148629124431000320e-03  9.998304695099125006e-01
7.275647975579000067e-03  9.998279729702722607e-01
7.402759320757000029e-03  9.998255678129112090e-01
7.529959217086000349e-03  9.998232976551557627e-01
7.657243984648999698e-03  9.998210820015738243e-01
7.784610186830000222e-03  9.998190029351387009e-01
7.912054612405999138e-03  9.998170441614013804e-01
8.039574259190999245e-03  9.998152566879752179e-01
8.167166319102999242e-03  9.998136426899778550e-01
8.294828164501999446e-03  9.998121064935466817e-01
8.422557335682000212e-03  9.998109224345013146e-01
8.550351529409000451e-03  9.998096808614361786e-01
8.678208588411999436e-03  9.998087800429112937e-01
8.806126491722000849e-03  9.998080732192431430e-01
8.934103345804999749e-03  9.998075747760110099e-01
9.062137376396999996e-03  9.998072026770637999e-01
9.190226920992999871e-03  9.998069992116374038e-01
9.318370421918999169e-03  9.998069992163540753e-01
9.446566419948999177e-03  9.998071794268873491e-01
9.574813548409000230e-03  9.998077247453123206e-01
9.703110527735999899e-03  9.998081654983379529e-01
9.831456160446000805e-03  9.998090324248470884e-01
9.959849326476999734e-03  9.998100098604806307e-01
1.008828897888999938e-02  9.998113028772489530e-01
1.021677413984999928e-02  9.998126698614057117e-01
1.034530389700000046e-02  9.998140656627932943e-01
1.047387739993000007e-02  9.998158012824513996e-01
1.060249385708000001e-02  9.998178332555167636e-01
1.073115253277000074e-02  9.998198544078489292e-01
1.085985274442999998e-02  9.998223230731385636e-01
1.098859386007999990e-02  9.998247537773078397e-01
1.111737529596000008e-02  9.998273944432056748e-01
1.124619651433000043e-02  9.998304320848471205e-01
1.137505702142999932e-02  9.998333807424066855e-01
1.150395636555999988e-02  9.998365061769544093e-01
1.163289413533999915e-02  9.998399160936540797e-01
1.176186995803999921e-02  9.998432180718722639e-01
1.189088349806999984e-02  9.998467864949360795e-01
1.201993445554999998e-02  9.998502841880084757e-01
1.214902256497000024e-02  9.998542839609738664e-01
1.227814759399999990e-02  9.998579800926059580e-01
1.240730934229999916e-02  9.998618511693080357e-01
1.253650764049000013e-02  9.998657499545220428e-01
1.266574234916000019e-02  9.998695630800294998e-01
1.279501335795000042e-02  9.998735770950769597e-01
1.292432058469000083e-02  9.998775862543157755e-01
1.305366397461999936e-02  9.998812891258552771e-01
1.318304349968999964e-02  9.998851914589429457e-01
1.331245915785999982e-02  9.998891054932429467e-01
1.344191097248000066e-02  9.998928469335907065e-01
1.357139899173000035e-02  9.998964113388840724e-01
1.370092328809000004e-02  9.999001819551456283e-01
1.383048395786999965e-02  9.999038741793185858e-01
1.396008112076000014e-02  9.999072727082761736e-01
1.408971491943000059e-02  9.999108933136171551e-01
1.421938551918000039e-02  9.999143432082590044e-01
1.434909310758999967e-02  9.999176426809396334e-01
1.447883789426000073e-02  9.999207910422321932e-01
1.460862011052000038e-02  9.999241709059569772e-01
1.473844000921999998e-02  9.999276450816135808e-01
1.486829786451000085e-02  9.999305598285624930e-01
1.499819397168000029e-02  9.999337214149175423e-01
1.512812864699999982e-02  9.999366022381437347e-01
1.525810222763000074e-02  9.999396544246915708e-01
1.538811507149000050e-02  9.999423952769298518e-01
1.551816755720000079e-02  9.999452810829804195e-01
1.564826008404000129e-02  9.999483774602649921e-01
1.577839307191000046e-02  9.999510045740227504e-01
1.590856696133999965e-02  9.999535792228059217e-01
1.603878221350000036e-02  9.999566226436915617e-01
1.616903931021999863e-02  9.999591409167558620e-01
1.629933875407000091e-02  9.999617870264189134e-01
1.642968106842999931e-02  9.999644702252050710e-01
1.656006679757000138e-02  9.999675443059757862e-01
1.669049650679000144e-02  9.999698441284370354e-01
1.682097078252000125e-02  9.999723580311467019e-01
1.695149023248999909e-02  9.999751293812457753e-01
1.708205548589999956e-02  9.999773760600204620e-01
1.721266719358000019e-02  9.999797973195979628e-01
1.734332602820999950e-02  9.999824058176818298e-01
1.747403268454000153e-02  9.999853616578964211e-01
1.760478787961999858e-02  9.999878658375044305e-01
1.773559235305000037e-02  9.999903764735371681e-01
1.786644686724999861e-02  9.999927952657348129e-01
1.799735220774999894e-02  9.999955828760381804e-01
1.812830918346999831e-02  9.999981431838743662e-01
1.825931862707000017e-02  1.000000553413646243e+00
1.839038139527000154e-02  1.000002683378786728e+00
1.852149836920000125e-02  1.000005717561930796e+00
1.865267045478000152e-02  1.000008303767528250e+00
1.878389858308000121e-02  1.000010548286926371e+00
1.891518371074999913e-02  1.000012967270166087e+00
1.904652682042999937e-02  1.000016319623625360e+00
1.917792892118000067e-02  1.000019327540506486e+00
1.930939104896000139e-02  1.000021625956162286e+00
1.944091426705999923e-02  1.000024160682825958e+00
1.957249966664000029e-02  1.000027379574764508e+00
1.970414836717999940e-02  1.000029354234936330e+00
1.983586151708999906e-02  1.000032849739362018e+00
1.996764029416999917e-02  1.000034818311860141e+00
2.009948590623999998e-02  1.000037039414870543e+00
2.023139959169999863e-02  1.000040389272431218e+00
2.036338262011999981e-02  1.000042843491039779e+00
2.049543629291000063e-02  1.000045371897518853e+00
2.062756194392999926e-02  1.000047640300427032e+00
2.075976094017999846e-02  1.000050558732265227e+00
2.089203468248999884e-02  1.000053386160999258e+00
2.102438460622000141e-02  1.000055413388707404e+00
2.115681218199999894e-02  1.000058174572423075e+00
2.128931891651000136e-02  1.000060477753814236e+00
2.142190635324999967e-02  1.000062353509034496e+00
2.155457607336000100e-02  1.000064898787029977e+00
2.168732969641999977e-02  1.000067100230706441e+00
2.182016888136999871e-02  1.000069215359093988e+00
2.195309532735999908e-02  1.000070896542570864e+00
2.208611077467999978e-02  1.000072343312710998e+00
2.221921700568999999e-02  1.000074785152439194e+00
2.235241584582000132e-02  1.000078030021335662e+00
2.248570916456999955e-02  1.000079178582735429e+00
2.261909887652999857e-02  1.000081029996054971e+00
2.275258694246999960e-02  1.000082739264374965e+00
2.288617537043000083e-02  1.000084157927670026e+00
2.301986621685999865e-02  1.000086213322218587e+00
2.315366158782000000e-02  1.000087366369848185e+00
2.328756364012999833e-02  1.000089863273708968e+00
2.342157458269000098e-02  1.000091669873172551e+00
2.355569667771000020e-02  1.000092834909349193e+00
2.368993224206000087e-02  1.000094093239012327e+00
2.382428364868000026e-02  1.000095294805769752e+00
2.395875332790000159e-02  1.000096083964646665e+00
2.409334376898999985e-02  1.000099124087978408e+00
2.422805752163000037e-02  1.000099216043698114e+00
2.436289719746000115e-02  1.000101158170610516e+00
2.449786547166999881e-02  1.000102667860138128e+00
2.463296508469000126e-02  1.000103877422256149e+00
2.476819884389000123e-02  1.000106255387228193e+00
2.490356962533999893e-02  1.000105366856250066e+00
2.503908037560999972e-02  1.000107331595635252e+00
2.517473411370000150e-02  1.000109051296810492e+00
2.531053393293999920e-02  1.000111687399800386e+00
2.544648300305000013e-02  1.000111524801141183e+00
2.558258457215999843e-02  1.000111783890671013e+00
2.571884196900000100e-02  1.000114966192481525e+00
2.585525860511999827e-02  1.000116375380138756e+00
2.599183797714000113e-02  1.000117470324628499e+00
2.612858366920000133e-02  1.000118312728263126e+00
2.626549935532999924e-02  1.000120707319299695e+00
2.640258880205999942e-02  1.000121479001596203e+00
2.653985587101000132e-02  1.000123137582830335e+00
2.667730452164000093e-02  1.000124219871138864e+00
2.681493881402999963e-02  1.000124300952276890e+00
2.695276291182999856e-02  1.000126122735208511e+00
2.709078108527000067e-02  1.000127145181052724e+00
2.722899771429999893e-02  1.000128217835273281e+00
2.736741729178999993e-02  1.000130015162843833e+00
2.750604442698000029e-02  1.000130715599585107e+00
2.764488384884999927e-02  1.000131634333523811e+00
2.778394040985000119e-02  1.000132867087222932e+00
2.792321908954999848e-02  1.000134051393607226e+00
2.806272499858999958e-02  1.000134092645556638e+00
2.820246338271999859e-02  1.000136243049699614e+00
2.834243962693000149e-02  1.000135251692717331e+00
2.848265925985999855e-02  1.000138221525689763e+00
2.862312795830000006e-02  1.000139491584506546e+00
2.876385155185999867e-02  1.000140679610676209e+00
2.890483602788999906e-02  1.000139378669196999e+00
2.904608753652000025e-02  1.000141199218689270e+00
2.918761239592999879e-02  1.000142513471563577e+00
2.932941709787999923e-02  1.000142399856664754e+00
2.947150831334000021e-02  1.000143870101778409e+00
2.961389289852000076e-02  1.000143376474514234e+00
2.975657790096000038e-02  1.000144887976849750e+00
2.989957056604999885e-02  1.000144918937596161e+00
3.004287834367999968e-02  1.000146073261872770e+00
3.018650889528000023e-02  1.000148055724733975e+00
3.033047010108000027e-02  1.000147823097375266e+00
3.047477006770000010e-02  1.000148828077347618e+00
3.061941713614000152e-02  1.000149477695981615e+00
3.076441988997000165e-02  1.000148690526495354e+00
3.090978716407000171e-02  1.000150445655645370e+00
3.105552805355000015e-02  1.000152126658316654e+00
3.120165192328000145e-02  1.000151024255882870e+00
3.134816841767999740e-02  1.000152378004668163e+00
3.149508747105000256e-02  1.000153492403282662e+00
3.164241931832999927e-02  1.000151942105649061e+00
3.179017450642999953e-02  1.000153006347859197e+00
3.193836390597999675e-02  1.000154543563554599e+00
3.208699872372999806e-02  1.000154698554928778e+00
3.223609051553000260e-02  1.000155970547649487e+00
3.238565119986999696e-02  1.000156387227230326e+00
3.253569307214999873e-02  1.000156697689413843e+00
3.268622881965999732e-02  1.000157103338305875e+00
3.283727153721999886e-02  1.000157180363755671e+00
3.298883474369000007e-02  1.000159628763039876e+00
3.314093239928000284e-02  1.000157251122409718e+00
3.329357892374999739e-02  1.000158843145671161e+00
3.344678921555999801e-02  1.000159237888636143e+00
3.360057867198999737e-02  1.000160779787394816e+00
3.375496321039000297e-02  1.000160862714594812e+00
3.390995929047999763e-02  1.000161037840840317e+00
3.406558393789999722e-02  1.000160398788804139e+00
3.422185476905999918e-02  1.000162281718774304e+00
3.437879001732999790e-02  1.000162023980325943e+00
3.453640856067000109e-02  1.000162240022825166e+00
3.469472995086000239e-02  1.000162485880917496e+00
3.485377444439000105e-02  1.000162303698471256e+00
3.501356303508999790e-02  1.000161505402701323e+00
3.517411748870000188e-02  1.000162347239983873e+00
3.533546037948000207e-02  1.000164182987398620e+00
3.549761512895999865e-02  1.000163375317555836e+00
3.566060604705000026e-02  1.000163723428164619e+00
3.582445837569000341e-02  1.000161987132806907e+00
3.598919833515999700e-02  1.000163380926052170e+00
3.615485317329000109e-02  1.000166714665798651e+00
3.632145121778000002e-02  1.000165255697724298e+00
3.648902193189999810e-02  1.000166200532515370e+00
3.665759597377000328e-02  1.000165639099393822e+00
3.682720525957999813e-02  1.000165956236970466e+00
3.699788303095000175e-02  1.000164355968972796e+00
3.716966392689999982e-02  1.000166321124995594e+00
3.734258406068000080e-02  1.000166358770921526e+00
3.751668110199000289e-02  1.000168272398483715e+00
3.769199436488000071e-02  1.000166093708747317e+00
3.786856490197999803e-02  1.000166652822062074e+00
3.804643560544999914e-02  1.000167150083035805e+00
3.822565131541000305e-02  1.000167044113502657e+00
3.840625893631000043e-02  1.000167316108040216e+00
3.858830756211999863e-02  1.000167460366169880e+00
3.877184861103000202e-02  1.000166399861987188e+00
3.895693597063999702e-02  1.000166847196610753e+00
3.914362615449999694e-02  1.000167145249609701e+00
3.933197847119999924e-02  1.000167074909762421e+00
3.952205520713000103e-02  1.000166917016546808e+00
3.971392182426999873e-02  1.000166194306372436e+00
3.990764717457000177e-02  1.000167363232279394e+00
4.010330373249999802e-02  1.000166716083865426e+00
4.030096784768000262e-02  1.000164942523133815e+00
4.050072001972000041e-02  1.000166500203339526e+00
4.070264519756999766e-02  1.000167227766844968e+00
4.090683310601000294e-02  1.000167999070935343e+00
4.111337860236000119e-02  1.000167694774551475e+00
4.132238206667000063e-02  1.000167631244580857e+00
4.153394982925000256e-02  1.000167585298647133e+00
4.174819463986999962e-02  1.000166558603217792e+00
4.196523618340999850e-02  1.000165899407725822e+00
4.218520164778000181e-02  1.000166605227396976e+00
4.240822635021999909e-02  1.000164439542053252e+00
4.263445442943999963e-02  1.000167134746077657e+00
4.286403961179000022e-02  1.000167053286939556e+00
4.309714606125000097e-02  1.000165837633079757e+00
4.333394932406999661e-02  1.000164421139463800e+00
4.357463738100000178e-02  1.000164904623062734e+00
4.381941182171000121e-02  1.000164745452203574e+00
4.406848915876999950e-02  1.000164663116815733e+00
4.432210230097999998e-02  1.000163646908700743e+00
4.458050220951999959e-02  1.000163915323235786e+00
4.484395976426999719e-02  1.000162237900650064e+00
4.511276787246999709e-02  1.000162828573285756e+00
4.538724385764000141e-02  1.000164832749639743e+00
4.566773217377000094e-02  1.000163940391955997e+00
4.595460749803000067e-02  1.000161534161545074e+00
4.624827826570999945e-02  1.000161126646806231e+00
4.654919072342000169e-02  1.000160974098067257e+00
4.685783359212999932e-02  1.000160545668616896e+00
4.717474345007000025e-02  1.000159881529252948e+00
4.750051096933999989e-02  1.000159684083307132e+00
4.783578816835999670e-02  1.000160189998942739e+00
4.818129687861000265e-02  1.000158977272457062e+00
4.853783866878000341e-02  1.000160812911744967e+00
4.890630652610999940e-02  1.000158062087233679e+00
4.928769866534000316e-02  1.000159040592827786e+00
4.968313492609999910e-02  1.000154869212731112e+00
5.009387633323000161e-02  1.000154055837701783e+00
5.052134853990000035e-02  1.000154287280081267e+00
5.096717005821999741e-02  1.000153806334959095e+00
5.143318641794000085e-02  1.000153061569115653e+00
5.192151169369999680e-02  1.000149440384942023e+00
5.243457922164000001e-02  1.000150946818502362e+00
5.297520380248999655e-02  1.000149573502469691e+00
5.354665827696000052e-02  1.000147511751086737e+00
5.415276806205999993e-02  1.000146986722856735e+00
5.479802803278999851e-02  1.000145300917089752e+00
5.548774693398000196e-02  1.000142630182159209e+00
5.622822509077000236e-02  1.000141344027335899e+00
5.702697105867000210e-02  1.000139451008912994e+00
5.789296098814000063e-02  1.000137748269763982e+00
5.883693885472000146e-02  1.000134345976912087e+00
5.987174256558999708e-02  1.000131994217219100e+00
6.101261379129999801e-02  1.000127832095712765e+00
6.227739826617000041e-02  1.000124371385633371e+00
6.368645687882000528e-02  1.000120769834458967e+00
6.526198425693000016e-02  1.000116344852984840e+00
6.702631005155999799e-02  1.000110484346689477e+00
6.899877778434999887e-02  1.000104293581837833e+00
7.119122873633999815e-02  1.000096493809226494e+00
7.360318088101000522e-02  1.000088695419349305e+00
7.621905215858000571e-02  1.000079685425448339e+00
7.900977073859999367e-02  1.000069750828791904e+00
8.193877630368999465e-02  1.000059815004685104e+00
8.496945330643000671e-02  1.000048231294293100e+00
8.807055323076999620e-02  1.000036784358070419e+00
9.121829983015999899e-02  1.000026003128713148e+00
9.439599316985000654e-02  1.000014728058434610e+00
9.759251684979999841e-02  1.000005099720060686e+00
1.008007249264000066e-01  9.999969478094964392e-01
1.040161242761000054e-01  9.999887303933434612e-01
1.072359284179000005e-01  9.999794498375847995e-01
1.104584238111000066e-01  9.999715817663724637e-01
1.136825620766000050e-01  9.999651027590727992e-01
1.169077037089999993e-01  9.999588211198101595e-01
1.201334592495000020e-01  9.999529211921427407e-01
1.233595916870000031e-01  9.999454083243886071e-01
1.265859567862999968e-01  9.999379062778382954e-01
1.298124667175999947e-01  9.999303955246394704e-01
1.330390679275000043e-01  9.999217529737249865e-01
1.362657276908000037e-01  9.999123373085730959e-01
1.394924259416999990e-01  9.999041538314950017e-01
1.427191503132000105e-01  9.998948431425060956e-01
1.459458931255999958e-01  9.998857039315910411e-01
1.491726495574000055e-01  9.998756137852593540e-01
1.523994165340999962e-01  9.998672638307786187e-01
1.556261920528999865e-01  9.998587463560272282e-01
1.588529747721000029e-01  9.998516848346490349e-01
1.620797637606999908e-01  9.998444470957698060e-01
1.653065583455000098e-01  9.998384693260324863e-01
1.685333580180999880e-01  9.998331222065490742e-01
1.717601623770000085e-01  9.998284439228356524e-01
1.749869710924999988e-01  9.998243546574389073e-01
1.782137838842000055e-01  9.998205181767427785e-01
1.814406005078000039e-01  9.998163492204135139e-01
1.846674207451000083e-01  9.998114944088558609e-01
1.878942443990999911e-01  9.998077325601156806e-01
1.911210712895999864e-01  9.998022630737808392e-01
1.943479012507000059e-01  9.997974469854017388e-01
1.975747341284999903e-01  9.997917933133327884e-01
2.008015697800999977e-01  9.997852322731025643e-01
2.040284080720000115e-01  9.997809390274582375e-01
2.072552488796000070e-01  9.997728208647235215e-01
2.104820920858999911e-01  9.997683758715315561e-01
2.137089375812999958e-01  9.997606890641772548e-01
2.169357852626999927e-01  9.997571185775445679e-01
2.201626350334000004e-01  9.997526122809520244e-01
2.233894868020999958e-01  9.997478193224006437e-01
2.266163404827999939e-01  9.997439249834058073e-01
2.298431959943000036e-01  9.997402996461305369e-01
2.330700532601999997e-01  9.997369792896723117e-01
2.362969122081000073e-01  9.997340395921268108e-01
2.395237727694999874e-01  9.997313592366571244e-01
2.427506348797000002e-01  9.997288752220547803e-01
2.459774984771999906e-01  9.997253808323204316e-01
2.492043635039999927e-01  9.997214412113681892e-01
2.524312299049000230e-01  9.997179320463490670e-01
2.556580976276000006e-01  9.997143687107480359e-01
2.588849666222000079e-01  9.997115016324491510e-01
2.621118368415999988e-01  9.997014226979519247e-01
2.653387082408000253e-01  9.996992442377309329e-01
2.685655807769999903e-01  9.996910886142208463e-01
2.717924544095000061e-01  9.996864297892996687e-01
2.750193290994000228e-01  9.996819110006325282e-01
2.782462048098000018e-01  9.996765710477908407e-01
2.814730815054000135e-01  9.996738211503962690e-01
2.846999591523999840e-01  9.996687531146790651e-01
2.879268377186999794e-01  9.996637429675581110e-01
2.911537171736000018e-01  9.996606096783765549e-01
2.943805974877000131e-01  9.996581357576518334e-01
2.976074786328999910e-01  9.996549108987654586e-01
3.008343605823000089e-01  9.996516937530194324e-01
3.040612433102000134e-01  9.996502195229604038e-01
3.072881267918999848e-01  9.996449968776512929e-01
3.105150110038000233e-01  9.996456702136544692e-01
3.137418959232000093e-01  9.996424872363457448e-01
3.169687815284000232e-01  9.996385388957106377e-01
3.201956677987000122e-01  9.996366200762901721e-01
3.234225547139000234e-01  9.996322455154441622e-01
3.266494422549000021e-01  9.996322497942934371e-01
3.298763304032000243e-01  9.996242577382904448e-01
3.331032191411000265e-01  9.996207508998568025e-01
3.363301084515999961e-01  9.996178066747110069e-01
3.395569983182000207e-01  9.996135038681557283e-01
3.427838887251999922e-01  9.996072056654847771e-01
3.460107796572999828e-01  9.996042446764243916e-01
3.492376710999999800e-01  9.996013063853173009e-01
3.524645630391000095e-01  9.995961938520349088e-01
3.556914554610999812e-01  9.995927045788358667e-01
3.589183483528999852e-01  9.995909639542280845e-01
3.621452417018999892e-01  9.995893633085087826e-01
3.653721354960000056e-01  9.995865727804794654e-01
3.685990297232999979e-01  9.995847250326315159e-01
3.718259243725999807e-01  9.995811830507921325e-01
3.750528194328999754e-01  9.995826145348337688e-01
3.782797148936000164e-01  9.995743713506550776e-01
3.815066107446000165e-01  9.995728389730950125e-01
3.847335069760000059e-01  9.995691534747392915e-01
3.879604035781999971e-01  9.995656982149585534e-01
3.911873005420999916e-01  9.995632305311834553e-01
3.944141978587000219e-01  9.995608434368696837e-01
3.976410955194999985e-01  9.995589159939928248e-01
4.008679935159999985e-01  9.995532200186607596e-01
4.040948918401000012e-01  9.995483057481915345e-01
4.073217904841999748e-01  9.995480969955583550e-01
4.105486894406000231e-01  9.995456847936490252e-01
4.137755887019000101e-01  9.995424476659968693e-01
4.170024882610000039e-01  9.995418110932797751e-01
4.202293881111999752e-01  9.995359098259818387e-01
4.234562882455999988e-01  9.995323840476740829e-01
4.266831886579000033e-01  9.995327529484272500e-01
4.299100893416999969e-01  9.995282779340767254e-01
4.331369902909000258e-01  9.995314230979617243e-01
4.363638914997000073e-01  9.995208739486245442e-01
4.395907929623000254e-01  9.995209574691280574e-01
4.428176946731000041e-01  9.995173147260983937e-01
4.460445966266999851e-01  9.995157934676222045e-01
4.492714988179000168e-01  9.995141386498016534e-01
4.524984012416000123e-01  9.995099768142704511e-01
4.557253038928000266e-01  9.995073301319440384e-01
4.589522067667000105e-01  9.995095495434040966e-01
4.621791098586000013e-01  9.995029142295031033e-01
4.654060131639999875e-01  9.994984160960993513e-01
4.686329166784000133e-01  9.994980343552399837e-01
4.718598203975999938e-01  9.994937485637922503e-01
4.750867243172999799e-01  9.994935855552677939e-01
4.783136284335000044e-01  9.994887730611438093e-01
4.815405327421999893e-01  9.994883021173598392e-01
4.847674372395999742e-01  9.994835492989986303e-01
4.879943419218999989e-01  9.994815997260219076e-01
4.912212467854999987e-01  9.994803674408120342e-01
4.944481518266999887e-01  9.994793347808712536e-01
4.976750570421999975e-01  9.994736342914432026e-01
5.009019624285000472e-01  9.994735005166994757e-01
5.041288679823999752e-01  9.994733321776734236e-01
5.073557737006000323e-01  9.994696320431512016e-01
5.105826795800000317e-01  9.994667058293267292e-01
5.138095856176000398e-01  9.994652458748508606e-01
5.170364918104000118e-01  9.994643330023577077e-01
5.202633981555000453e-01  9.994623102844522045e-01
5.234903046501000468e-01  9.994574824226288845e-01
5.267172112914999538e-01  9.994557419524524589e-01
5.299441180767999748e-01  9.994519284734670883e-01
5.331710250036000298e-01  9.994491183963853942e-01
5.363979320691999453e-01  9.994455339718357756e-01
5.396248392711999742e-01  9.994453158162130979e-01
5.428517466071000053e-01  9.994425943213319785e-01
5.460786540745999895e-01  9.994381811453321163e-01
5.493055616712000377e-01  9.994387554767354409e-01
5.525324693948000521e-01  9.994397505787794289e-01
5.557593772430999834e-01  9.994335971133012642e-01
5.589862852139999561e-01  9.994329989379370227e-01
5.622131933052999520e-01  9.994262389497791110e-01
5.654401015150000154e-01  9.994338211148265927e-01
5.686670098410000485e-01  9.994263428569012397e-01
5.718939182814000155e-01  9.994287608775038745e-01
5.751208268342999919e-01  9.994228026374349927e-01
5.783477354977000218e-01  9.994192765014061619e-01
5.815746442697999896e-01  9.994171025316900270e-01
5.848015531489000329e-01  9.994188367467742307e-01
5.880284621331000050e-01  9.994128890770823670e-01
5.912553712207000434e-01  9.994114098426190029e-01
5.944822804099999525e-01  9.994107569753121201e-01
5.977091896994000120e-01  9.994035187085373861e-01
6.009360990872999464e-01  9.994039560476685180e-01
6.041630085720000043e-01  9.993996688920939730e-01
6.073899181520999724e-01  9.994059244045221391e-01
6.106168278260000193e-01  9.994043899078417503e-01
6.138437375922000117e-01  9.993991260598312776e-01
6.170706474492999583e-01  9.994058109386632083e-01
6.202975573958999789e-01  9.993980174243606296e-01
6.235244674305000512e-01  9.993999420975178127e-01
6.267513775517999930e-01  9.993945550286446045e-01
6.299782877584999552e-01  9.993934336277073838e-01
6.332051980491999466e-01  9.993827401390290577e-01
6.364321084227999581e-01  9.993855164362770438e-01
6.396590188777999675e-01  9.993868496094128195e-01
6.428859294130999658e-01  9.993819469950995238e-01
6.461128400275000239e-01  9.993794147221164437e-01
6.493397507199000218e-01  9.993783589891337416e-01
6.525666614888999684e-01  9.993814229473663158e-01
6.557935723336000278e-01  9.993749172117855073e-01
6.590204832527000178e-01  9.993711471629030951e-01
6.622473942452999918e-01  9.993696510581744352e-01
6.654743053102000205e-01  9.993683796300633082e-01
6.687012164462999841e-01  9.993662183204656824e-01
6.719281276527999669e-01  9.993645722680785104e-01
6.751550389284000087e-01  9.993625794321397970e-01
6.783819502722999717e-01  9.993609847633944110e-01
6.816088616834999891e-01  9.993594321186562990e-01
6.848357731611000032e-01  9.993572103837733422e-01
6.880626847040000049e-01  9.993553263655826635e-01
6.912895963113999676e-01  9.993536959026432243e-01
6.945165079823000243e-01  9.993526005722136452e-01
6.977434197159999574e-01  9.993501367161872206e-01
7.009703315115000111e-01  9.993479825202719047e-01
7.041972433679000165e-01  9.993473008700625160e-01
7.074241552844999781e-01  9.993452511262184146e-01
7.106510672603999490e-01  9.993440373717196179e-01
7.138779792948000136e-01  9.993416848734633096e-01
7.171048913869000341e-01  9.993408041056670577e-01
7.203318035358999838e-01  9.993385891614976480e-01
7.235587157410999781e-01  9.993369749565025328e-01
7.267856280018000215e-01  9.993352813090999875e-01
7.300125403170999450e-01  9.993332286884930582e-01
7.332394526864000062e-01  9.993323940577978348e-01
7.364663651089999874e-01  9.993298752390855633e-01
7.396932775840999730e-01  9.993280961525778938e-01
7.429201901109999673e-01  9.993261019395456302e-01
7.461471026892000369e-01  9.993243725861098437e-01
7.493740153179000441e-01  9.993226509580050987e-01
7.526009279963999932e-01  9.993225579071440823e-01
7.558278407242999819e-01  9.993203956066871729e-01
8.254802352465000492e-01  9.992836016079267303e-01
9.260319349221000085e-01  9.992366411281778937e-01
1.085583263336999948e+00  9.991749438500832081e-01
1.338471439170999977e+00  9.990873525214154505e-01
1.682644484250999994e+00  9.989976162736093901e-01
2.118281563292999881e+00  9.989080485465392512e-01
2.666758344139999792e+00  9.988212887541424445e-01
3.357249846481999977e+00  9.986637100814973467e-01
4.226527145479000325e+00  9.985733890708852201e-01
5.320882427081000010e+00  9.984804561697794290e-01
6.698594100621000358e+00  9.983292144799074119e-01
8.433030336566000429e+00  9.981367874930815454e-01
1.061655618912999977e+01  9.978478662324162807e-01
1.336545237224000005e+01  9.973701402484252965e-01
1.682610763154000111e+01  9.966964495130550272e-01
2.118281447892999836e+01  9.952195167993631575e-01
2.666758344084999877e+01  9.937698153486742569e-01
3.357249846482000066e+01  9.908786220967967795e-01
4.226527145479000325e+01  9.853270805405512922e-01
5.320882427080999832e+01  9.774553179327056807e-01
6.698594100620999825e+01  9.642387321399241706e-01
8.433030336566000074e+01  9.423868430264976670e-01
1.061655618913000012e+02  9.067987448693135555e-01
1.336545237224000005e+02  8.560098980474526442e-01
1.682610763154000040e+02  7.779951880136026787e-01
2.118281447893000120e+02  6.727951962183460477e-01
2.666758344085000090e+02  5.548461645779038109e-01
3.357249846482000066e+02  3.996154648776995555e-01
4.226527145479000183e+02  2.818913327767795240e-01
5.320882427080999832e+02  1.762372398553577557e-01
6.698594100620999825e+02  7.721198540455358694e-02
8.433030336565999505e+02  3.720769186087781899e-02
1.061655618912999898e+03  2.259365059220377545e-02
1.336545237223999948e+03  1.010763422933199512e-02
1.682610763154000097e+03  4.450017870448554937e-03
2.118281447892999950e+03  2.071062296187031748e-03
2.666758344084999862e+03  1.063210114084613481e-03
3.357249846482000066e+03  5.751709610966056858e-04
