2.342383504172999972e-05  9.998854187768797530e-01
3.640294676852000229e-05  9.998854121289625363e-01
4.946311168360000097e-05  9.998853893258602410e-01
6.264012304834000065e-05  9.998853717273008535e-01
7.597068283887999595e-05  9.998853558811696685e-01
8.949273385953999331e-05  9.998853340514682886e-01
1.032458066739999961e-04  9.998853120772359659e-01
1.172713858384000034e-04  9.998852639843943679e-01
1.316132999536999957e-04  9.998852547203856966e-01
1.463181400608999888e-04  9.998852003407439071e-01
1.614357108363999977e-04  9.998851804651303077e-01
1.770195188536999884e-04  9.998851401555628460e-01
1.931273017888000007e-04  9.998850845662012876e-01
2.098216017476999906e-04  9.998850302907813514e-01
2.271703847581000094e-04  9.998849650618656382e-01
2.452477067119000244e-04  9.998848858447992871e-01
2.641344234356000215e-04  9.998848146065523190e-01
2.839189388215000069e-04  9.998847234352514768e-01
3.046979797275000150e-04  9.998846215697595463e-01
3.265773792403000122e-04  9.998845066423601713e-01
3.496728404950999870e-04  9.998843761109953432e-01
3.741106411440999770e-04  9.998842284938856961e-01
4.000282235391000173e-04  9.998840482575992450e-01
4.275745977799999889e-04  9.998838736220760914e-01
4.569104646004000232e-04  9.998836564457639353e-01
4.882079441168999984e-04  9.998834180566198437e-01
5.216497775425999730e-04  9.998831140875589218e-01
5.574278565093999591e-04  9.998828212572010710e-01
5.957409349292999787e-04  9.998824462464797058e-01
6.367913991585000310e-04  9.998820246052925187e-01
6.807810218229999903e-04  9.998815451025909740e-01
7.279057093405000116e-04  9.998809948632585431e-01
7.783493739650000371e-04  9.998803684150766591e-01
8.322772098357000044e-04  9.998796321099507889e-01
8.898288085775000458e-04  9.998788233199508158e-01
9.511116811285999549e-04  9.998778930484011340e-01
1.016195820130000056e-03  9.998768432293245745e-01
1.085109907970000084e-03  9.998756409205734608e-01
1.157839634957000090e-03  9.998742805579453607e-01
1.234328354910000074e-03  9.998727783660243951e-01
1.314480016298000091e-03  9.998711138471525484e-01
1.398164028105000015e-03  9.998717554015451592e-01
1.485221510701000046e-03  9.998734489416917226e-01
1.575472280838999912e-03  9.998748703253308445e-01
1.668721932528999946e-03  9.998760945695589486e-01
1.764768479277999992e-03  9.998771477626038351e-01
1.863408178963000010e-03  9.998780237568933860e-01
1.964440330151999946e-03  9.998787719397695950e-01
2.067670976854999853e-03  9.998794069072460822e-01
2.172915570545999858e-03  9.998799532763824605e-01
2.280000709433000101e-03  9.998804073463881670e-01
2.388765110021999916e-03  9.998808044985945109e-01
2.499059973606999798e-03  9.998811231317418224e-01
2.610748900013999934e-03  9.998814115777271416e-01
2.723707480890999889e-03  9.998816220142134892e-01
2.837822681058000188e-03  9.998818414947667765e-01
2.952992092876000063e-03  9.998820429104238183e-01
3.069123127490999952e-03  9.998821516910613161e-01
3.186132188968000042e-03  9.998822531402257185e-01
3.303943863122999879e-03  9.998823201447931686e-01
3.422490141821000077e-03  9.998823182612538440e-01
3.541709695312999975e-03  9.998823404492548361e-01
3.661547199229999924e-03  9.998822196551439001e-01
3.781952718707000047e-03  9.998821552736053553e-01
3.902881149264000003e-03  9.998818936255566836e-01
4.024291712293999977e-03  9.998815770041982187e-01
4.146147501883999838e-03  9.998810576498047276e-01
4.268415079124000117e-03  9.998804316968781247e-01
4.391064109833999612e-03  9.998796164328456193e-01
4.514067041601999702e-03  9.998787305196809028e-01
4.637398816220999684e-03  9.998775887551991648e-01
4.761036613792999674e-03  9.998760210203458954e-01
4.884959625093000281e-03  9.998745549678246247e-01
5.009148849059999985e-03  9.998725234050178656e-01
5.133586912582000297e-03  9.998720070965234630e-01
5.258257910054999797e-03  9.998697133047405039e-01
5.383147260438999812e-03  9.998665513826134887e-01
5.508241579803999609e-03  9.998652113331664149e-01
5.633528567591999936e-03  9.998617368614330925e-01
5.758996904997999884e-03  9.998605645008682430e-01
5.884636164104999935e-03  9.998585148141653223e-01
6.010436726521999756e-03  9.998560473756501477e-01
6.136389710461999901e-03  9.998525767369393913e-01
6.262486905294999823e-03  9.998504483208082716e-01
6.388720712744999815e-03  9.998473900685367344e-01
6.515084093989999790e-03  9.998448607560744827e-01
6.641570522005000275e-03  9.998417367287477653e-01
6.768173938595000057e-03  9.998392959751193354e-01
6.894888715580999895e-03  9.998368487202844435e-01
7.021709619717000049e-03  9.998341257497080914e-01
7.148631780932999599e-03  9.998314489011262962e-01
7.275650663545000021e-03  9.998289881525451728e-01
7.402762040138999994e-03  9.998264994984188414e-01
7.529961967840999998e-03  9.998242858605050909e-01
7.657246766734999641e-03  9.998221037181055371e-01
7.784613000208999607e-03  9.998199994089980169e-01
7.912057457041000649e-03  9.998180218272062492e-01
8.039577135047999701e-03  9.998162493721213240e-01
8.167169226149000733e-03  9.998146441828221764e-01
8.294831102706999928e-03  9.998131244193313449e-01
8.422560305017000315e-03  9.998118765144863307e-01
8.550354529848999338e-03  9.998107767990984662e-01
8.678211619929999607e-03  9.998098971236691890e-01
8.806129554296000805e-03  9.998091729846579900e-01
8.934106439410999592e-03  9.998085097963398393e-01
9.062140501015999300e-03  9.998082720455514494e-01
9.190230076605000742e-03  9.998080886834315173e-01
9.318373608506000383e-03  9.998080976197459835e-01
9.446569637492000307e-03  9.998081533628504491e-01
9.574816796892999388e-03  9.998087623769613685e-01
9.703113807146999600e-03  9.998092301485094202e-01
9.831459470767999961e-03  9.998100762828630028e-01
9.959852667697999262e-03  9.998110394623290764e-01
1.008829235098999966e-02  9.998122232852360014e-01
1.021677754284000018e-02  9.998136373697316115e-01
1.034530733083999926e-02  9.998150916393100385e-01
1.047388086462999919e-02  9.998168270219746079e-01
1.060249735263000051e-02  9.998187886749931863e-01
1.073115605916000019e-02  9.998208767846555878e-01
1.085985630164000050e-02  9.998232504228007356e-01
1.098859744812000043e-02  9.998257189773723796e-01
1.111737891480999926e-02  9.998283421000419002e-01
1.124620016400000068e-02  9.998313101680119663e-01
1.137506070189999927e-02  9.998343599192679454e-01
1.150396007682999953e-02  9.998374394463140913e-01
1.163289787741000024e-02  9.998407963856273950e-01
1.176187373089999932e-02  9.998443191258229445e-01
1.189088730172000070e-02  9.998478212851162894e-01
1.201993828997999919e-02  9.998514590722026307e-01
1.214902643019000021e-02  9.998551261170924853e-01
1.227815148999999995e-02  9.998589778816943108e-01
1.240731326907999928e-02  9.998627671406481454e-01
1.253651159805999928e-02  9.998668265793805299e-01
1.266574633752000009e-02  9.998705417781431626e-01
1.279501737707999971e-02  9.998745277007031751e-01
1.292432463460000021e-02  9.998784083485837693e-01
1.305366805531999949e-02  9.998822479007529740e-01
1.318304761118000053e-02  9.998861655992780095e-01
1.331246330013999973e-02  9.998902653051614520e-01
1.344191514554999960e-02  9.998937809877744831e-01
1.357140319559000004e-02  9.998976732253747057e-01
1.370092752274000049e-02  9.999012032427905261e-01
1.383048822331999980e-02  9.999047827455422865e-01
1.396008541701000000e-02  9.999084299966468636e-01
1.408971924649000083e-02  9.999118453448821997e-01
1.421938987704000033e-02  9.999152658130816551e-01
1.434909749627000068e-02  9.999186937760388139e-01
1.447884231375999933e-02  9.999219640643485230e-01
1.460862456085000073e-02  9.999252133101415030e-01
1.473844449038999929e-02  9.999286106213145509e-01
1.486830237652000085e-02  9.999315571682777515e-01
1.499819851452999925e-02  9.999346188541732294e-01
1.512813322071000083e-02  9.999376135809630028e-01
1.525810683220000033e-02  9.999405924413787838e-01
1.538811970692000042e-02  9.999434976283124721e-01
1.551817222351000065e-02  9.999463628840559171e-01
1.564826478122999937e-02  9.999491932013090389e-01
1.577839779999999983e-02  9.999519822667912727e-01
1.590857172033000033e-02  9.999547809375955998e-01
1.603878700340000130e-02  9.999573479236383289e-01
1.616904413105000118e-02  9.999601779333191498e-01
1.629934360583000161e-02  9.999628292271074415e-01
1.642968595113000058e-02  9.999654673019099382e-01
1.656007171123000110e-02  9.999681193506911869e-01
1.669050145141999855e-02  9.999707817920288067e-01
1.682097575813000165e-02  9.999733480077110936e-01
1.695149523909000172e-02  9.999759694806727994e-01
1.708206052349999990e-02  9.999783746529019579e-01
1.721267226219999960e-02  9.999808551803018863e-01
1.734333112786000039e-02  9.999836375921277165e-01
1.747403781523999833e-02  9.999862206658406416e-01
1.760479304138000065e-02  9.999887869928681949e-01
1.773559754587999970e-02  9.999912834049508037e-01
1.786645209117000005e-02  9.999939553611402188e-01
1.799735746277000142e-02  9.999965133939737738e-01
1.812831446960999973e-02  9.999989720358867240e-01
1.825932394434999842e-02  1.000001910967416530e+00
1.839038674369999904e-02  1.000003646769002996e+00
1.852150374880999831e-02  1.000006616709597340e+00
1.865267586557000160e-02  1.000009437336988327e+00
1.878390402508000115e-02  1.000011619202755497e+00
1.891518918398000029e-02  1.000014305732444209e+00
1.904653232490999964e-02  1.000017435294257462e+00
1.917793445693000143e-02  1.000019891585549825e+00
1.930939661599000157e-02  1.000022673043032384e+00
1.944091986539999914e-02  1.000025537453742341e+00
1.957250529629999888e-02  1.000028586887588888e+00
1.970415402819999939e-02  1.000030388889242339e+00
1.983586720947999940e-02  1.000033577207293245e+00
1.996764601796000016e-02  1.000036214469740559e+00
2.009949166144999952e-02  1.000038645058751730e+00
2.023140537835000155e-02  1.000041076021997988e+00
2.036338843823999947e-02  1.000043943993931039e+00
2.049544214251999841e-02  1.000046280556262435e+00
2.062756782505999892e-02  1.000048594310987804e+00
2.075976685286000031e-02  1.000051512078501847e+00
2.089204062674999973e-02  1.000054069145678515e+00
2.102439058207000028e-02  1.000056844348791385e+00
2.115681818949000093e-02  1.000059180514247359e+00
2.128932495566000088e-02  1.000061338901587549e+00
2.142191242409000052e-02  1.000063136767171734e+00
2.155458217592000000e-02  1.000065634673461989e+00
2.168733583073000071e-02  1.000068142700093921e+00
2.182017504747000083e-02  1.000070032868757952e+00
2.195310152527000028e-02  1.000072187354917874e+00
2.208611700443999931e-02  1.000074490513621628e+00
2.221922326734000058e-02  1.000076902380458321e+00
2.235242213938999981e-02  1.000078621026142311e+00
2.248571549009999865e-02  1.000080314834272732e+00
2.261910523404999859e-02  1.000082089335064817e+00
2.275259333201999981e-02  1.000083978980495392e+00
2.288618179205000047e-02  1.000085625809471024e+00
2.301987267059999939e-02  1.000087227354464092e+00
2.315366807369999974e-02  1.000088865758322454e+00
2.328757015821000115e-02  1.000090296750548058e+00
2.342158113300000025e-02  1.000092184569780107e+00
2.355570326028999864e-02  1.000093114180662823e+00
2.368993885698000151e-02  1.000094983203130061e+00
2.382429029596000100e-02  1.000096429780998664e+00
2.395876000759000063e-02  1.000098170164528621e+00
2.409335048115000127e-02  1.000099717766602891e+00
2.422806426629999996e-02  1.000101086631791203e+00
2.436290397468000163e-02  1.000102594290011693e+00
2.449787228150000079e-02  1.000103567549114336e+00
2.463297192718999842e-02  1.000105349850460179e+00
2.476820571910999871e-02  1.000106436009714939e+00
2.490357653332999840e-02  1.000109028579841963e+00
2.503908731642999833e-02  1.000109012694875510e+00
2.517474108740000091e-02  1.000111289908536039e+00
2.531054093958999898e-02  1.000112287667315414e+00
2.544649004269999848e-02  1.000113204453939586e+00
2.558259164487999837e-02  1.000114388830038337e+00
2.571884907484999969e-02  1.000116808612299790e+00
2.585526574415999979e-02  1.000117021125623173e+00
2.599184514945000052e-02  1.000118212050466804e+00
2.612859087483000026e-02  1.000119639717955256e+00
2.626550659435999968e-02  1.000121168336075117e+00
2.640259607454999852e-02  1.000122451689020142e+00
2.653986317705000000e-02  1.000123667527226035e+00
2.667731186128999982e-02  1.000124574430300006e+00
2.681494618737000069e-02  1.000125343104608655e+00
2.695277031894000030e-02  1.000127156126779937e+00
2.709078852623000161e-02  1.000128291606759312e+00
2.722900518919000104e-02  1.000129433038950522e+00
2.736742480070000066e-02  1.000130786748792744e+00
2.750605196997999921e-02  1.000131612047370888e+00
2.764489142604999866e-02  1.000132731979198164e+00
2.778394802132000060e-02  1.000134009202455765e+00
2.792322673539000127e-02  1.000135124075747228e+00
2.806273267891000109e-02  1.000136270595773702e+00
2.820247109760000079e-02  1.000136734702389507e+00
2.834244737647000079e-02  1.000137733905614557e+00
2.848266704417000070e-02  1.000138793404605542e+00
2.862313577746999904e-02  1.000139990053529937e+00
2.876385940600999919e-02  1.000141589019203581e+00
2.890484391712000098e-02  1.000139820735747476e+00
2.904609546095000133e-02  1.000143309357841792e+00
2.918762035568000027e-02  1.000143062385974613e+00
2.932942509305999992e-02  1.000144574346542692e+00
2.947151634408000029e-02  1.000145300983200647e+00
2.961390096492999904e-02  1.000143734000037865e+00
2.975658600317999947e-02  1.000145396131531417e+00
2.989957870420999891e-02  1.000146149126873274e+00
3.004288651791999984e-02  1.000146682294676070e+00
3.018651710573000066e-02  1.000147072239902180e+00
3.033047834788000011e-02  1.000148323832547925e+00
3.047477835100999982e-02  1.000149320911533524e+00
3.061942545609000130e-02  1.000150356427292442e+00
3.076442824673000093e-02  1.000151520062261712e+00
3.090979555777999960e-02  1.000152868632189662e+00
3.105553648438999850e-02  1.000153215194744760e+00
3.120166039141999970e-02  1.000152301561069601e+00
3.134817692327999950e-02  1.000152635174511362e+00
3.149509601428000100e-02  1.000153494549703481e+00
3.164242789939000072e-02  1.000152352163072633e+00
3.179018312548999997e-02  1.000153944391482641e+00
3.193837256324000284e-02  1.000155994449606567e+00
3.208700741939000262e-02  1.000155906085464341e+00
3.223609924977999946e-02  1.000155780047847776e+00
3.238565997291999871e-02  1.000157419878674236e+00
3.253570188423000192e-02  1.000157955384940456e+00
3.268623767097000171e-02  1.000158599803558257e+00
3.283728042799999997e-02  1.000158989544340571e+00
3.298884367417000141e-02  1.000160656823393834e+00
3.314094136969999993e-02  1.000158987406080779e+00
3.329358793435999858e-02  1.000158506273967074e+00
3.344679826660999777e-02  1.000159548613046123e+00
3.360058776375000195e-02  1.000161533991310137e+00
3.375497234312999778e-02  1.000162668974792224e+00
3.390996846448000174e-02  1.000162795447390840e+00
3.406559315344000194e-02  1.000162414549565337e+00
3.422186402644999959e-02  1.000163753862769456e+00
3.437879931686999707e-02  1.000162141313319708e+00
3.453641790268000000e-02  1.000163608261882997e+00
3.469473933566000201e-02  1.000163935798146886e+00
3.485378387232000025e-02  1.000162193981424474e+00
3.501357250650000141e-02  1.000162407396200992e+00
3.517412700395999847e-02  1.000163239200873466e+00
3.533546993896000132e-02  1.000164592807109010e+00
3.549762473303000321e-02  1.000165107163041078e+00
3.566061569612000159e-02  1.000165410239427288e+00
3.582446807016999996e-02  1.000163242326799873e+00
3.598920807547000000e-02  1.000164587535855132e+00
3.615486295987999782e-02  1.000166044957508715e+00
3.632146105109999856e-02  1.000166506046776593e+00
3.648903181241999749e-02  1.000168127810504126e+00
3.665760590198999941e-02  1.000166636089421246e+00
3.682721523600999969e-02  1.000165551944493414e+00
3.699789305611000251e-02  1.000166257782070911e+00
3.716967400133999733e-02  1.000167044197914246e+00
3.734259418496999744e-02  1.000166315814767559e+00
3.751669127671999893e-02  1.000169535691306733e+00
3.769200459066000125e-02  1.000167288254214304e+00
3.786857517944999807e-02  1.000167095263800210e+00
3.804644593526999852e-02  1.000166775380896267e+00
3.822566169827999738e-02  1.000167616446215657e+00
3.840626937293999815e-02  1.000167782879907152e+00
3.858831805325999703e-02  1.000169027597649807e+00
3.877185915746000217e-02  1.000168423656840444e+00
3.895694657316999682e-02  1.000168869486909973e+00
3.914363681399000289e-02  1.000168719850881072e+00
3.933198918853000187e-02  1.000167436004757215e+00
3.952206598322000053e-02  1.000167901093632183e+00
3.971393266010000284e-02  1.000167183312746566e+00
3.990765807115000119e-02  1.000167509971414015e+00
4.010331469088000006e-02  1.000167930324638021e+00
4.030097886898999920e-02  1.000167163407934323e+00
4.050073110512000113e-02  1.000168296578666682e+00
4.070265634827999884e-02  1.000168460948595905e+00
4.090684432331000153e-02  1.000167539030440089e+00
4.111338988760999957e-02  1.000168217670956761e+00
4.132239342129000181e-02  1.000168393245988163e+00
4.153396125475000006e-02  1.000167911639572749e+00
4.174820613779999662e-02  1.000167468412237248e+00
4.196524775545999730e-02  1.000166946249208211e+00
4.218521329569999839e-02  1.000166772025394391e+00
4.240823807587999761e-02  1.000164206090401908e+00
4.263446623479000275e-02  1.000166912567653554e+00
4.286405149893000172e-02  1.000166862981467952e+00
4.309715803240000281e-02  1.000167594846772312e+00
4.333396138158000094e-02  1.000166576137546670e+00
4.357464952737000186e-02  1.000166805689293836e+00
4.381942405961999909e-02  1.000165705035463315e+00
4.406850149107000014e-02  1.000165257702425814e+00
4.432211473070000324e-02  1.000165609676366474e+00
4.458051473992000191e-02  1.000165228970903541e+00
4.484397239884999747e-02  1.000165112435470682e+00
4.511278061498000258e-02  1.000163742144202894e+00
4.538725671212000268e-02  1.000164054603878361e+00
4.566774514458000339e-02  1.000163981631552401e+00
4.595462058986000270e-02  1.000163039912303597e+00
4.624829148364999892e-02  1.000161835912349417e+00
4.654920407300999763e-02  1.000162598820096838e+00
4.685784707936999777e-02  1.000160339324897008e+00
4.717475708150999786e-02  1.000160633942653199e+00
4.750052475214999737e-02  1.000160010251124110e+00
4.783580211038999941e-02  1.000160991497089702e+00
4.818131098849000316e-02  1.000159388728428356e+00
4.853785295603999655e-02  1.000160480200076973e+00
4.890632100127000059e-02  1.000159827639079069e+00
4.928771334010999955e-02  1.000157911757046492e+00
4.968314981350999832e-02  1.000155325200894119e+00
5.009389144786000059e-02  1.000156118248533232e+00
5.052136389812000167e-02  1.000154552110484651e+00
5.096718567851000331e-02  1.000154151164117211e+00
5.143320232121000035e-02  1.000153632117529945e+00
5.192152790379000321e-02  1.000150785122018160e+00
5.243459576579000136e-02  1.000151603407670731e+00
5.297522071203999983e-02  1.000149711880449654e+00
5.354667558815000283e-02  1.000149048871265434e+00
5.415278581697999943e-02  1.000147383336247087e+00
5.479804628068000311e-02  1.000146315777717065e+00
5.548776573267000245e-02  1.000145111617640747e+00
5.622824450853999845e-02  1.000142233282307558e+00
5.702699117651999910e-02  1.000139597367512900e+00
5.789298190238000019e-02  1.000137171009860992e+00
5.883696068006000202e-02  1.000135555511978191e+00
5.987176543828000297e-02  1.000132312154895065e+00
6.101263787199000255e-02  1.000129550070969264e+00
6.227742374129000003e-02  1.000125215664772638e+00
6.368648395850000365e-02  1.000121210008417805e+00
6.526201316629000326e-02  1.000116990870920430e+00
6.702634101134000155e-02  1.000111479219189636e+00
6.899881097820000087e-02  1.000104925826984736e+00
7.119126426824000375e-02  1.000097293893615902e+00
7.360321873731000275e-02  1.000089012207883821e+00
7.621909219748999875e-02  1.000080129751613756e+00
7.900981272068000050e-02  1.000069818567376645e+00
8.193881995068000301e-02  1.000059907548654481e+00
8.496949835778000448e-02  1.000048300321649153e+00
8.807059947581999393e-02  1.000037067188485951e+00
9.121834711496000503e-02  1.000026167943111721e+00
9.439604138927999710e-02  1.000015057839368504e+00
9.759256593519000100e-02  1.000005192442434243e+00
1.008007748340999932e-01  9.999969388857659069e-01
1.040161749789999951e-01  9.999875764788497268e-01
1.072359798990999979e-01  9.999791329646676719e-01
1.104584760603000010e-01  9.999710014767768662e-01
1.136826150875999974e-01  9.999647759175128714e-01
1.169077574778999984e-01  9.999581556519535619e-01
1.201335137738999970e-01  9.999515934725347055e-01
1.233596469656000061e-01  9.999444533413609504e-01
1.265860128182000055e-01  9.999364368922225577e-01
1.298125235021999890e-01  9.999293142510996546e-01
1.330391254646000054e-01  9.999206507783684472e-01
1.362657859801000015e-01  9.999121219271798200e-01
1.394924849830999902e-01  9.999025574828834806e-01
1.427192101065999918e-01  9.998930701963890666e-01
1.459459536709999949e-01  9.998833175543809793e-01
1.491727108547999947e-01  9.998736719996856870e-01
1.523994785832999965e-01  9.998647519528852667e-01
1.556262548541000046e-01  9.998563341187435283e-01
1.588530383252000078e-01  9.998483486448999091e-01
1.620798280657000101e-01  9.998409431335461006e-01
1.653066234023999881e-01  9.998353064542642166e-01
1.685334238269000084e-01  9.998297733898293682e-01
1.717602289376000124e-01  9.998249952527632489e-01
1.749870384049999894e-01  9.998202489964366224e-01
1.782138519486000106e-01  9.998167448380144151e-01
1.814406693239999924e-01  9.998118376773107441e-01
1.846674903132000112e-01  9.998068819219786407e-01
1.878943147191000085e-01  9.998020489894859919e-01
1.911211423614999905e-01  9.997990027387401168e-01
1.943479730743999934e-01  9.997920624584095695e-01
1.975748067040999922e-01  9.997862309548103399e-01
2.008016431075000108e-01  9.997792508565193081e-01
2.040284821513000113e-01  9.997746010750628853e-01
2.072553237106999902e-01  9.997656913862861261e-01
2.104821676688999887e-01  9.997626785161422003e-01
2.137090139161000046e-01  9.997568905435986197e-01
2.169358623493999882e-01  9.997492446638232000e-01
2.201627128720000104e-01  9.997450731664646595e-01
2.233895653924999891e-01  9.997392875743750240e-01
2.266164198249999984e-01  9.997353695533621742e-01
2.298432760883999948e-01  9.997314707661371092e-01
2.330701341062000054e-01  9.997270506004647395e-01
2.362969938058999964e-01  9.997245168567076012e-01
2.395238551190999876e-01  9.997202571055558984e-01
2.427507179811000115e-01  9.997200308593220397e-01
2.459775823304999887e-01  9.997161044833927646e-01
2.492044481092000052e-01  9.997108036712067936e-01
2.524313152618999911e-01  9.997067936207404415e-01
2.556581837363999798e-01  9.997024822490050422e-01
2.588850534828999739e-01  9.996980143131474206e-01
2.621119244540999760e-01  9.996937726812442637e-01
2.653387966051999891e-01  9.996872263424452232e-01
2.685656698932000208e-01  9.996815860674836962e-01
2.717925442774999922e-01  9.996758961433822588e-01
2.750194197192999956e-01  9.996695628474326911e-01
2.782462961814999858e-01  9.996636734811590319e-01
2.814731736289000086e-01  9.996582823170814258e-01
2.847000520276999902e-01  9.996529600136505600e-01
2.879269313458999724e-01  9.996482001765563119e-01
2.911538115526000059e-01  9.996429105957941319e-01
2.943806926186000039e-01  9.996409579920130239e-01
2.976075745155999930e-01  9.996380656934201747e-01
3.008344572168000219e-01  9.996337481110788570e-01
3.040613406964999821e-01  9.996314375414042663e-01
3.072882249300000201e-01  9.996300025085752550e-01
3.105151098937000143e-01  9.996245923223426866e-01
3.137419955649999870e-01  9.996218236029961179e-01
3.169688819220999876e-01  9.996195190655973173e-01
3.201957689441000121e-01  9.996150738285406456e-01
3.234226566112000101e-01  9.996105121835761054e-01
3.266495449039999999e-01  9.996063675891879718e-01
3.298764338042000088e-01  9.996023799927250542e-01
3.331033232939000222e-01  9.995987721920146507e-01
3.363302133562000029e-01  9.995934120944075518e-01
3.395571039745999831e-01  9.995873337854415119e-01
3.427839951334000212e-01  9.995812449132334132e-01
3.460108868173999985e-01  9.995787083615030877e-01
3.492377790119000069e-01  9.995738451481724907e-01
3.524646717027999920e-01  9.995709868555237021e-01
3.556915648767000060e-01  9.995634055797965045e-01
3.589184585203000211e-01  9.995610041386250311e-01
3.621453526210999807e-01  9.995591910732402052e-01
3.653722471670000083e-01  9.995550912701122170e-01
3.685991421461999873e-01  9.995521532428319755e-01
3.718260375472999812e-01  9.995491824854303431e-01
3.750529333593999870e-01  9.995456652963822242e-01
3.782798295718999837e-01  9.995421167724329869e-01
3.815067261748000260e-01  9.995384748275379927e-01
3.847336231580000265e-01  9.995352182801862106e-01
3.879605205119999733e-01  9.995311202916874471e-01
3.911874182278000101e-01  9.995277307658707588e-01
3.944143162961999960e-01  9.995247349398380665e-01
3.976412147087000082e-01  9.995205755547458271e-01
4.008681134570999949e-01  9.995167170210740304e-01
4.040950125330999843e-01  9.995108396682437224e-01
4.073219119288999934e-01  9.995068988211964767e-01
4.105488116370999974e-01  9.995040458064133881e-01
4.137757116503000265e-01  9.995006360880741569e-01
4.170026119613000071e-01  9.994953568812240396e-01
4.202295125632000139e-01  9.994923712363773527e-01
4.234564134495000243e-01  9.994876292580348043e-01
4.266833146135999844e-01  9.994854151123313546e-01
4.299102160491999891e-01  9.994824343761413710e-01
4.331371177501999736e-01  9.994798279018304310e-01
4.363640197108000218e-01  9.994733601242143939e-01
4.395909219251999955e-01  9.994715294561193897e-01
4.428178243879000164e-01  9.994683897267003791e-01
4.460447270933000086e-01  9.994638132222681826e-01
4.492716300362999959e-01  9.994614113456178339e-01
4.524985332118000025e-01  9.994578548603610946e-01
4.557254366147999725e-01  9.994536679843045723e-01
4.589523402405999986e-01  9.994508244072898284e-01
4.621792440843000005e-01  9.994483747372503446e-01
4.654061481414999979e-01  9.994428628995802866e-01
4.686330524078000104e-01  9.994407807260162757e-01
4.718599568787000265e-01  9.994363526244056661e-01
4.750868615502999992e-01  9.994327030501313214e-01
4.783137664182999793e-01  9.994297428689694618e-01
4.815406714789000064e-01  9.994243116398909832e-01
4.847675767281000025e-01  9.994216017701039734e-01
4.879944821621999829e-01  9.994171678468338760e-01
4.912213877775999937e-01  9.994145113709872463e-01
4.944482935705999949e-01  9.994129471119254093e-01
4.976751995379000149e-01  9.994078365345441251e-01
5.009021056761000512e-01  9.994047548776286982e-01
5.041290119817000148e-01  9.993997423308865757e-01
5.073559184517999476e-01  9.993988388787666821e-01
5.105828250830000137e-01  9.993944104289209651e-01
5.138097318725000084e-01  9.993902946232210427e-01
5.170366388171000471e-01  9.993875363008049018e-01
5.202635459140000362e-01  9.993840968448531870e-01
5.234904531603999933e-01  9.993810665657025805e-01
5.267173605535999670e-01  9.993769755057305693e-01
5.299442680907999748e-01  9.993744179300417807e-01
5.331711757693999854e-01  9.993713643726231943e-01
5.363980835867999675e-01  9.993668901941340499e-01
5.396249915405999520e-01  9.993650539787470866e-01
5.428518996283000497e-01  9.993606536790070605e-01
5.460788078475999896e-01  9.993571279083832692e-01
5.493057161961000245e-01  9.993541307821826036e-01
5.525326246714999945e-01  9.993479922228414303e-01
5.557595332715999925e-01  9.993462518312116183e-01
5.589864419943000318e-01  9.993434912381479185e-01
5.622133508373999833e-01  9.993396461967422040e-01
5.654402597989000023e-01  9.993363091083358185e-01
5.686671688768000221e-01  9.993329844749068158e-01
5.718940780689999448e-01  9.993296631041639344e-01
5.751209873736999878e-01  9.993254471101251646e-01
5.783478967888999733e-01  9.993216114614187351e-01
5.815748063129000389e-01  9.993201517485299501e-01
5.848017159437000068e-01  9.993166135599720334e-01
5.880286256797999656e-01  9.993130881476213201e-01
5.912555355191999595e-01  9.993086619018197725e-01
5.944824454603000463e-01  9.993067938060595790e-01
5.977093555014999504e-01  9.993036187970966155e-01
6.009362656411999515e-01  9.993002911102203401e-01
6.041631758777999961e-01  9.992957495068376383e-01
6.073900862097000308e-01  9.992917173459477942e-01
6.106169966354000334e-01  9.992879044688599555e-01
6.138439071533999813e-01  9.992854812868586789e-01
6.170708177624000257e-01  9.992842825157896014e-01
6.202977284606999708e-01  9.992809931297580439e-01
6.235246392472000299e-01  9.992770387545885091e-01
6.267515501203000383e-01  9.992735083197201718e-01
6.299784610787999561e-01  9.992683489194844615e-01
6.332053721214000452e-01  9.992642781624661019e-01
6.364322832466999813e-01  9.992614079009133343e-01
6.396591944535999774e-01  9.992579157511343180e-01
6.428861057407000423e-01  9.992541437889730371e-01
6.461130171069999761e-01  9.992506465735203625e-01
6.493399285511000096e-01  9.992462139643362162e-01
6.525668400720000539e-01  9.992437691903821584e-01
6.557937516684999579e-01  9.992402906109488780e-01
6.590206633394000146e-01  9.992366474547568211e-01
6.622475750838000552e-01  9.992327905502363938e-01
6.654744869005000396e-01  9.992301863335060208e-01
6.687013987884999899e-01  9.992273491798548957e-01
6.719283107467000082e-01  9.992214919047347488e-01
6.751552227742000367e-01  9.992194132867290302e-01
6.783821348699999865e-01  9.992154515901037204e-01
6.816090470329999595e-01  9.992123977104039323e-01
6.848359592623000092e-01  9.992088146633666401e-01
6.880628715569999665e-01  9.992047113280104753e-01
6.912897839163000269e-01  9.992016079691314889e-01
6.945166963390000392e-01  9.991982065484303899e-01
6.977436088245000390e-01  9.991944784435492499e-01
7.009705213718000483e-01  9.991902388046067784e-01
7.041974339801000404e-01  9.991874916235385928e-01
7.074243466484000376e-01  9.991844585421619795e-01
7.106512593761999952e-01  9.991806423082085775e-01
7.138781721624000154e-01  9.991770934526580383e-01
7.171050850062999915e-01  9.991735736784810307e-01
7.203319979072000390e-01  9.991687707878288416e-01
7.235589108641999889e-01  9.991654035420008961e-01
7.267858238766999879e-01  9.991621468538556261e-01
7.300127369437999780e-01  9.991584535779887144e-01
7.332396500648999949e-01  9.991557385361220511e-01
7.364665632393000427e-01  9.991514609906744226e-01
7.396934764661999839e-01  9.991473821551326573e-01
7.429203897449999650e-01  9.991444311667824207e-01
7.461473030749999902e-01  9.991407930026946493e-01
7.493742164554999530e-01  9.991393742911633957e-01
7.526011298858999998e-01  9.991329710703976685e-01
7.558280433655000241e-01  9.991309040466493929e-01
8.254804640334999499e-01  9.990463676845157126e-01
9.260322058297999481e-01  9.989264925549534713e-01
1.085583606359000086e+00  9.987135242095436238e-01
1.338471885284000074e+00  9.983250757717844204e-01
1.682645048804999988e+00  9.976676154015330367e-01
2.118282274104999807e+00  9.966192635889736806e-01
2.666759238999000026e+00  9.948223454071672966e-01
3.357250973043000020e+00  9.918830476327065160e-01
4.226528563735000077e+00  9.868770058476952212e-01
5.320884212560000215e+00  9.785005277099729781e-01
6.698596348406000267e+00  9.645727186695226552e-01
8.433033166359999555e+00  9.417305995252754913e-01
1.061655975162999965e+01  9.050782655561985246e-01
1.336545685715999987e+01  8.485969883551165438e-01
1.682611327772000109e+01  7.664037786846223943e-01
2.118282158705000029e+01  6.551731820675473772e-01
2.666759238943999932e+01  5.198587180318221534e-01
3.357250973042999931e+01  3.768722105800653144e-01
4.226528563734999722e+01  2.448472643419981887e-01
5.320884212560000037e+01  1.411269455628414438e-01
6.698596348405999379e+01  7.426109539344263877e-02
8.433033166360000621e+01  3.506827548703218833e-02
1.061655975162999965e+02  1.532069139381144439e-02
1.336545685716000094e+02  6.406157311678930925e-03
1.682611327772000038e+02  2.750172559793475843e-03
2.118282158705000029e+02  1.319259430093044439e-03
2.666759238944000003e+02  7.008164686935290221e-04
3.357250973042999931e+02  3.733829561890839770e-04
