2.342383284789999911e-05  9.998852401143667468e-01
3.640294236597000212e-05  9.998852312760382333e-01
4.946310503591000023e-05  9.998852126691467612e-01
6.264011410070999665e-05  9.998851952790778208e-01
7.597067151738999937e-05  9.998851748122711269e-01
8.949272007016999752e-05  9.998851525762796344e-01
1.032457903013000067e-04  9.998851304527270889e-01
1.172713667437999974e-04  9.998850866184730846e-01
1.316132779735000005e-04  9.998850787631413661e-01
1.463181150042000014e-04  9.998850171633179018e-01
1.614356824817000078e-04  9.998850040452926802e-01
1.770194869463000077e-04  9.998849591031242490e-01
1.931272660366999897e-04  9.998849019734979970e-01
2.098215618169999952e-04  9.998848484044658980e-01
2.271703402686999981e-04  9.998847840211605442e-01
2.452476572314999954e-04  9.998847047749670480e-01
2.641343684733999742e-04  9.998846369429664760e-01
2.839188778214999796e-04  9.998845419436198645e-01
3.046979120605999912e-04  9.998844416908543309e-01
3.265773041962000090e-04  9.998843269341300966e-01
3.496727572734000021e-04  9.998841969491267800e-01
3.741105488452000087e-04  9.998840481448602047e-01
4.000281211553000115e-04  9.998838688902708105e-01
4.275744841867000208e-04  9.998836914396842523e-01
4.569103385487000208e-04  9.998834765631758881e-01
4.882078042281000189e-04  9.998832372650923173e-01
5.216496223057999959e-04  9.998829352468001641e-01
5.574276842834999680e-04  9.998826373550291358e-01
5.957407439502000399e-04  9.998822650820243796e-01
6.367911875543000484e-04  9.998818417055229668e-01
6.807807876365000455e-04  9.998813657628954354e-01
7.279054505613999750e-04  9.998808156606106001e-01
7.783490885701000502e-04  9.998801834676132039e-01
8.322768958374999505e-04  9.998794528175193319e-01
8.898284640775000129e-04  9.998786452167715000e-01
9.511113043713999727e-04  9.998777146696939955e-01
1.016195409555000059e-03  9.998766634630930072e-01
1.085109462256999939e-03  9.998754607493484103e-01
1.157839153053000095e-03  9.998740992979611164e-01
1.234327836051000039e-03  9.998725994949273499e-01
1.314479460005999996e-03  9.998709349451149198e-01
1.398163434174999999e-03  9.998715791816961129e-01
1.485220879177000068e-03  9.998732634864104796e-01
1.575471611974999919e-03  9.998746784748843153e-01
1.668721226756000008e-03  9.998759124834447620e-01
1.764767737156999923e-03  9.998769702370993162e-01
1.863407401153000008e-03  9.998778523296750764e-01
1.964439517371999958e-03  9.998785991755327895e-01
2.067670129859000040e-03  9.998792301814233285e-01
2.172914690096000058e-03  9.998797714806475501e-01
2.279999796281999974e-03  9.998802287970401936e-01
2.388764164905000063e-03  9.998806261392682027e-01
2.499058997224999808e-03  9.998809503095815732e-01
2.610747893033000047e-03  9.998812424724874415e-01
2.723706443936000157e-03  9.998814482214095634e-01
2.837821614711999972e-03  9.998816501466656348e-01
2.952990997681999904e-03  9.998818077185702702e-01
3.069122003949000064e-03  9.998819828457214953e-01
3.186131037540999855e-03  9.998820815412421403e-01
3.303942684237000209e-03  9.998821726551115896e-01
3.422488935867999856e-03  9.998821417061448669e-01
3.541708462650000090e-03  9.998821648653485328e-01
3.661545940188999995e-03  9.998820962280139391e-01
3.781951433588000115e-03  9.998819403580193610e-01
3.902879838345999983e-03  9.998816951828974897e-01
4.024290375829999745e-03  9.998813539961479702e-01
4.146146140107999714e-03  9.998808641933476515e-01
4.268413692250999994e-03  9.998802421161103737e-01
4.391062698059999825e-03  9.998794038386034089e-01
4.514065605108999631e-03  9.998785425939873406e-01
4.637397355176000290e-03  9.998774232743230517e-01
4.761035128349000098e-03  9.998758692477033305e-01
4.884958115392999851e-03  9.998743596715272686e-01
5.009147315234999814e-03  9.998724078760476974e-01
5.133585354752999950e-03  9.998719794084131030e-01
5.258256328335000028e-03  9.998695893786223587e-01
5.383145654929999760e-03  9.998664483313530749e-01
5.508239950602999806e-03  9.998650634108000590e-01
5.633526914788000370e-03  9.998615804832751142e-01
5.758995228675000203e-03  9.998603701258287346e-01
5.884634464339000108e-03  9.998583674904995000e-01
6.010435003386000417e-03  9.998558610029310012e-01
6.136387964022000339e-03  9.998524213346025036e-01
6.262485135612999923e-03  9.998502342009012445e-01
6.388718919879000056e-03  9.998471489975182536e-01
6.515082277994000380e-03  9.998446136895255965e-01
6.641568682931000417e-03  9.998415370399118540e-01
6.768172076489000280e-03  9.998391075540712380e-01
6.894886830487999795e-03  9.998366798077542583e-01
7.021707711678999882e-03  9.998339892294078046e-01
7.148629849988000218e-03  9.998312344808458763e-01
7.275648709729999608e-03  9.998288029823682033e-01
7.402760063487999996e-03  9.998263197880949971e-01
7.529959968387000060e-03  9.998241604794564363e-01
7.657244744507000003e-03  9.998219156319729795e-01
7.784610955234999574e-03  9.998197476045079801e-01
7.912055389347000256e-03  9.998178188573136893e-01
8.039575044659999850e-03  9.998160114102588869e-01
8.167167113090999589e-03  9.998144617550022151e-01
8.294828966999999789e-03  9.998129282003143103e-01
8.422558146682999208e-03  9.998116411390498559e-01
8.550352348904999289e-03  9.998105671990591414e-01
8.678209416396000242e-03  9.998096892149025416e-01
8.806127328187999745e-03  9.998089329724464402e-01
8.934104190746999796e-03  9.998085670154279736e-01
9.062138229809999987e-03  9.998080241458959794e-01
9.190227782870999396e-03  9.998078825761407273e-01
9.318371292257000491e-03  9.998079005097011418e-01
9.446567298741999352e-03  9.998079399367910680e-01
9.574814435653000722e-03  9.998085376563731197e-01
9.703111423427000434e-03  9.998090326770214809e-01
9.831457064579999378e-03  9.998099287381772005e-01
9.959850239049999540e-03  9.998107698591005565e-01
1.008828989988999961e-02  9.998120666301897330e-01
1.021677506930000062e-02  9.998133959661713588e-01
1.034530483486999913e-02  9.998148954208486705e-01
1.047387834623000023e-02  9.998166051297701085e-01
1.060249481180999993e-02  9.998186035277260020e-01
1.073115349591999973e-02  9.998207146046353966e-01
1.085985371599999978e-02  9.998231026754338391e-01
1.098859484005999983e-02  9.998255810823500900e-01
1.111737628436000082e-02  9.998282865287436705e-01
1.124619751115000024e-02  9.998311548950608030e-01
1.137505802665999925e-02  9.998342286851888971e-01
1.150395737921000062e-02  9.998372524472550760e-01
1.163289515740000002e-02  9.998406250207307888e-01
1.176187098851000021e-02  9.998440702211656150e-01
1.189088453694999922e-02  9.998477016448155119e-01
1.201993550283000055e-02  9.998512587764407655e-01
1.214902362065999920e-02  9.998551759171505626e-01
1.227814865810000072e-02  9.998588018201821637e-01
1.240731041479999942e-02  9.998625114111110435e-01
1.253650872140999947e-02  9.998666371134163899e-01
1.266574343848999966e-02  9.998704842155206052e-01
1.279501445567999933e-02  9.998743962108789241e-01
1.292432169081999919e-02  9.998782595879337487e-01
1.305366508915999958e-02  9.998820302995122811e-01
1.318304462265000067e-02  9.998860799746852601e-01
1.331246028922999924e-02  9.998898466419473552e-01
1.344191211226000021e-02  9.998937643577600065e-01
1.357140013990999934e-02  9.998973177781452781e-01
1.370092444468999984e-02  9.999009405282298646e-01
1.383048512287999958e-02  9.999046176330899094e-01
1.396008229418000020e-02  9.999081824090934045e-01
1.408971610126000078e-02  9.999117299204378639e-01
1.421938670942000070e-02  9.999150910636184220e-01
1.434909430625000079e-02  9.999184333500122923e-01
1.447883910133999918e-02  9.999218361368724661e-01
1.460862132601999964e-02  9.999249379400646509e-01
1.473844123315000074e-02  9.999284258812799475e-01
1.486829909686000067e-02  9.999313974078565259e-01
1.499819521244999919e-02  9.999345514384830880e-01
1.512812989620000020e-02  9.999373802296536162e-01
1.525810348525999914e-02  9.999404252830402795e-01
1.538811633755000040e-02  9.999434118130261506e-01
1.551816883169000044e-02  9.999461295802171135e-01
1.564826136696000070e-02  9.999492247649822696e-01
1.577839436326999856e-02  9.999517417670750197e-01
1.590856826114999886e-02  9.999548262395570042e-01
1.603878352174999827e-02  9.999573923328426428e-01
1.616904062690999871e-02  9.999599271501941056e-01
1.629934007920999864e-02  9.999626324884822726e-01
1.642968240202000163e-02  9.999651116308529986e-01
1.656006813962000029e-02  9.999679257550865286e-01
1.669049785730000041e-02  9.999705490231514116e-01
1.682097214149000028e-02  9.999732963159767563e-01
1.695149159993000060e-02  9.999757061349351384e-01
1.708205686180000113e-02  9.999783477648597207e-01
1.721266857795000077e-02  9.999805491137113700e-01
1.734332742106000150e-02  9.999834527659310357e-01
1.747403408587000148e-02  9.999860037945937918e-01
1.760478928942999996e-02  9.999887220117640307e-01
1.773559377134999865e-02  9.999912369074731577e-01
1.786644829404000073e-02  9.999937011535696696e-01
1.799735364303000143e-02  9.999963547536019348e-01
1.812831062725000011e-02  9.999989952671830551e-01
1.825932007936000023e-02  1.000001726187219608e+00
1.839038285606999987e-02  1.000003470246953130e+00
1.852149983851000131e-02  1.000006575210367732e+00
1.865267193260999878e-02  1.000009018843272646e+00
1.878390006942999915e-02  1.000011304087838226e+00
1.891518520563000016e-02  1.000014164135256012e+00
1.904652832384999897e-02  1.000017296539571721e+00
1.917793043313999884e-02  1.000020191497270616e+00
1.930939256946000160e-02  1.000022780237079578e+00
1.944091579611999937e-02  1.000025543610499446e+00
1.957250120425000142e-02  1.000027953694769600e+00
1.970414991335999941e-02  1.000030282252077685e+00
1.983586307182999900e-02  1.000033505470955042e+00
1.996764185749000040e-02  1.000035804397819028e+00
2.009948747813999903e-02  1.000038304527955946e+00
2.023140117217999898e-02  1.000041046447010196e+00
2.036338420919999934e-02  1.000043802333306253e+00
2.049543789058999935e-02  1.000046083255876628e+00
2.062756355021999957e-02  1.000048560279902077e+00
2.075976255508999932e-02  1.000051186872311204e+00
2.089203630602000025e-02  1.000053650549099116e+00
2.102438623837999884e-02  1.000056314518769085e+00
2.115681382279999828e-02  1.000059020188472036e+00
2.128932056596000155e-02  1.000061164816100856e+00
2.142190801135999967e-02  1.000062646521712617e+00
2.155457774013000080e-02  1.000065703468174361e+00
2.168733137185999832e-02  1.000067941171353558e+00
2.182017056548999842e-02  1.000070026230196252e+00
2.195309702016999889e-02  1.000071855744733229e+00
2.208611247618999865e-02  1.000073100554754513e+00
2.221921871591000033e-02  1.000075533956295892e+00
2.235241756475999861e-02  1.000078105283522589e+00
2.248571089223999966e-02  1.000080051170276318e+00
2.261910061294000046e-02  1.000081869311383764e+00
2.275258868762999875e-02  1.000083851676079938e+00
2.288617712434000070e-02  1.000085020281567205e+00
2.301986797954999955e-02  1.000087286994885583e+00
2.315366335928999847e-02  1.000088689696815747e+00
2.328756542039000024e-02  1.000090319263344352e+00
2.342157637174999835e-02  1.000091763674120005e+00
2.355569847557999891e-02  1.000093229520108151e+00
2.368993404877000122e-02  1.000094971419480894e+00
2.382428546421999985e-02  1.000096775954128825e+00
2.395875515230000072e-02  1.000097669384730104e+00
2.409334560226000094e-02  1.000100049317806050e+00
2.422805936377999889e-02  1.000100075914901909e+00
2.436289904849999952e-02  1.000102056768529479e+00
2.449786733160999944e-02  1.000102931904902626e+00
2.463296695356000099e-02  1.000104600239857255e+00
2.476820072169999901e-02  1.000107144479930765e+00
2.490357151210000064e-02  1.000106565618985366e+00
2.503908227133000083e-02  1.000109079028020931e+00
2.517473601839999992e-02  1.000110065655738234e+00
2.531053584663999975e-02  1.000112155516744483e+00
2.544648492575999829e-02  1.000112876703800113e+00
2.558258650391000144e-02  1.000113163928916027e+00
2.571884390980000087e-02  1.000116107588086223e+00
2.585526055498000089e-02  1.000118060417306109e+00
2.599183993608999987e-02  1.000118455590035094e+00
2.612858563724999861e-02  1.000119094172455148e+00
2.626550133249999988e-02  1.000121494618668283e+00
2.640259078837000131e-02  1.000122055736365478e+00
2.653985786647999889e-02  1.000123685717332789e+00
2.667730652628999902e-02  1.000124527717891398e+00
2.681494082787999958e-02  1.000125025420966374e+00
2.695276493491000069e-02  1.000126444808070669e+00
2.709078311759999941e-02  1.000127094100788483e+00
2.722899975589000016e-02  1.000129795301549107e+00
2.736741934267999943e-02  1.000130667973808896e+00
2.750604648717000153e-02  1.000131594612846397e+00
2.764488591838000150e-02  1.000132534570875142e+00
2.778394248873999883e-02  1.000134097346333739e+00
2.792322117782999880e-02  1.000135188530479002e+00
2.806272709628999940e-02  1.000135792845121330e+00
2.820246548985999926e-02  1.000136181434258198e+00
2.834244174353999987e-02  1.000136477580498839e+00
2.848266138595999947e-02  1.000138252988456378e+00
2.862313009392000035e-02  1.000140134115507173e+00
2.876385369704000106e-02  1.000140368631449395e+00
2.890483818265000143e-02  1.000140395591324616e+00
2.904608970088999945e-02  1.000142025623688813e+00
2.918761456995000100e-02  1.000141557012457882e+00
2.932941928156999889e-02  1.000142893333951344e+00
2.947151050674999898e-02  1.000145188032449672e+00
2.961389510167000000e-02  1.000144691605742819e+00
2.975658011388999935e-02  1.000146380710158045e+00
2.989957278880000027e-02  1.000145957231867389e+00
3.004288057628000039e-02  1.000147042088336269e+00
3.018651113776999947e-02  1.000146442422238602e+00
3.033047235350000079e-02  1.000149244349794131e+00
3.047477233009000114e-02  1.000149315652024251e+00
3.061941940853999886e-02  1.000149906721047754e+00
3.076442217243000044e-02  1.000151354334382514e+00
3.090978945660999982e-02  1.000151007879544141e+00
3.105553035624000063e-02  1.000153069374135839e+00
3.120165423616000008e-02  1.000151891119978487e+00
3.134817074079000038e-02  1.000153093551893191e+00
3.149508980442999873e-02  1.000153375297762937e+00
3.164242166205000206e-02  1.000150675985168602e+00
3.179017686052999780e-02  1.000153144391341398e+00
3.193836627050999910e-02  1.000156989615101244e+00
3.208700109874999817e-02  1.000155837123226643e+00
3.223609290109000214e-02  1.000157071933940323e+00
3.238565359601999760e-02  1.000157005393655041e+00
3.253569547896000003e-02  1.000157513414112520e+00
3.268623123718999990e-02  1.000159043467106601e+00
3.283727396553000333e-02  1.000159023747775544e+00
3.298883718284000011e-02  1.000159853220649264e+00
3.314093484933999800e-02  1.000159753921396222e+00
3.329358138479000112e-02  1.000160457440866679e+00
3.344679168763999705e-02  1.000161008504758087e+00
3.360058115518999716e-02  1.000162679561869661e+00
3.375496570478000308e-02  1.000161637651663549e+00
3.390996179613999656e-02  1.000161998470735725e+00
3.406558645491000042e-02  1.000161867723242226e+00
3.422185729749999822e-02  1.000163311110165321e+00
3.437879255727999822e-02  1.000162645009376794e+00
3.453641111222000015e-02  1.000163027155949180e+00
3.469473251409999764e-02  1.000164085208183673e+00
3.485377701940999690e-02  1.000161833599360728e+00
3.501356562197999872e-02  1.000163037916709019e+00
3.517412008757000302e-02  1.000163648232197389e+00
3.533546299042999994e-02  1.000165132171431104e+00
3.549761775208999659e-02  1.000164701167652215e+00
3.566060868247000054e-02  1.000166748036855902e+00
3.582446102351000139e-02  1.000163676314727912e+00
3.598920099550000085e-02  1.000165903345683338e+00
3.615485584626999815e-02  1.000166585047701062e+00
3.632145390351999847e-02  1.000166220971162145e+00
3.648902463052999812e-02  1.000167539575725462e+00
3.665759868542999705e-02  1.000166159189791237e+00
3.682720798440999865e-02  1.000166164734067387e+00
3.699788576909000121e-02  1.000164637002685764e+00
3.716966667848999734e-02  1.000166274748705231e+00
3.734258682588999928e-02  1.000166274152978652e+00
3.751668388097999934e-02  1.000166742408908682e+00
3.769199715780999910e-02  1.000166217618050135e+00
3.786856770903000019e-02  1.000167739478610596e+00
3.804643842679999999e-02  1.000167758921551409e+00
3.822565415125000338e-02  1.000168289882135131e+00
3.840626178683000103e-02  1.000166959928858068e+00
3.858831042752999818e-02  1.000168659891304657e+00
3.877185149153999921e-02  1.000168158678215402e+00
3.895693886647000337e-02  1.000167663003489915e+00
3.914362906589000102e-02  1.000167647381887237e+00
3.933198139838999657e-02  1.000168103813073639e+00
3.952205815036999997e-02  1.000167793995675014e+00
3.971392478381999963e-02  1.000168203162547620e+00
3.990765015071000288e-02  1.000166985273611031e+00
4.010330672551999653e-02  1.000167005211434645e+00
4.030097085789000055e-02  1.000168430334551495e+00
4.050072304743999874e-02  1.000167587223487642e+00
4.070264824311999735e-02  1.000167420435788213e+00
4.090683616975000075e-02  1.000168403424991137e+00
4.111338168465999976e-02  1.000168003756200852e+00
4.132238516792000049e-02  1.000168595564476792e+00
4.153395294986000214e-02  1.000167352778781771e+00
4.174819778026000322e-02  1.000167792814222967e+00
4.196523934403999928e-02  1.000167722904057976e+00
4.218520482912999775e-02  1.000165974680840897e+00
4.240822955280999784e-02  1.000164162837528847e+00
4.263445765379000191e-02  1.000170224441256694e+00
4.286404285848000040e-02  1.000165767505451164e+00
4.309714933088999722e-02  1.000167593785193265e+00
4.333395261729999781e-02  1.000166339200301513e+00
4.357464069848999977e-02  1.000166511138970815e+00
4.381941516421000021e-02  1.000165335590785354e+00
4.406849252705000164e-02  1.000166413812106025e+00
4.432210569586000209e-02  1.000166330175047191e+00
4.458050563189999704e-02  1.000165073283114214e+00
4.484396321510999983e-02  1.000164300044245946e+00
4.511277135278000255e-02  1.000163687397092049e+00
4.538724736854000269e-02  1.000164776729423943e+00
4.566773571643999857e-02  1.000162663590569379e+00
4.595461107375999749e-02  1.000162035207745381e+00
4.624828187588000267e-02  1.000161719352210765e+00
4.654919436954999684e-02  1.000162818699477985e+00
4.685783727585000197e-02  1.000160975573118227e+00
4.717474717318000110e-02  1.000160456760576411e+00
4.750051473379000161e-02  1.000160746643074416e+00
4.783579197630000168e-02  1.000160248202804247e+00
4.818130073238000022e-02  1.000160488662672931e+00
4.853784257100000193e-02  1.000161117498680863e+00
4.890631047966000067e-02  1.000160652888903545e+00
4.928770267339999817e-02  1.000158418306815955e+00
4.968313899224000019e-02  1.000156489465666265e+00
5.009388046142999873e-02  1.000155650372156479e+00
5.052135273463000120e-02  1.000154840134994005e+00
5.096717432452999713e-02  1.000153781115403095e+00
5.143319076153000241e-02  1.000153584111665772e+00
5.192151612109999897e-02  1.000151205772957130e+00
5.243458374026999796e-02  1.000151688897076729e+00
5.297520842093000198e-02  1.000149949280033868e+00
5.354666300508999915e-02  1.000149066991231628e+00
5.415277291138000104e-02  1.000147464996484326e+00
5.479803301675000016e-02  1.000144775568348798e+00
5.548775206837999741e-02  1.000144435287269928e+00
5.622823039424999780e-02  1.000142642529074033e+00
5.702697655337000265e-02  1.000139858994892217e+00
5.789296670034999731e-02  1.000138283616614165e+00
5.883694481577000229e-02  1.000134845194271982e+00
5.987174881269000104e-02  1.000132173217721743e+00
6.101262036834000091e-02  1.000130392409818381e+00
6.227740522406000068e-02  1.000125786697612096e+00
6.368646427495000539e-02  1.000121996802087354e+00
6.526199215278999377e-02  1.000117195973094342e+00
6.702631850743000219e-02  1.000111604013534716e+00
6.899878685040000681e-02  1.000104852958611845e+00
7.119123844097000053e-02  1.000097378753105781e+00
7.360319122047999374e-02  1.000089540344806904e+00
7.621906309416999481e-02  1.000080501999383698e+00
7.900978220491999826e-02  1.000070800971595952e+00
8.193878822472999701e-02  1.000060886093355972e+00
8.496946561104000428e-02  1.000048285457008301e+00
8.807056586141000232e-02  1.000037400831109258e+00
9.121831274477999740e-02  1.000026635308193690e+00
9.439600633974000454e-02  1.000016074142547673e+00
9.759253025620999444e-02  1.000005639262862234e+00
1.008007385574000020e-01  9.999967643588996147e-01
1.040161381242999949e-01  9.999872792052125758e-01
1.072359424785999937e-01  9.999805579927154575e-01
1.104584380815999967e-01  9.999720642602573095e-01
1.136825765552000045e-01  9.999657858674169120e-01
1.169077183945999993e-01  9.999595447603703002e-01
1.201334741414000068e-01  9.999535570018096564e-01
1.233596067849000028e-01  9.999467248493775218e-01
1.265859720899999985e-01  9.999388202585486329e-01
1.298124822269000056e-01  9.999312215552920158e-01
1.330390836422999934e-01  9.999226386486836926e-01
1.362657436110999987e-01  9.999131881748548611e-01
1.394924420673999965e-01  9.999048668894860992e-01
1.427191666443000106e-01  9.998956234416790378e-01
1.459459096620999985e-01  9.998855423706761725e-01
1.491726662992000074e-01  9.998765415673805945e-01
1.523994334813000007e-01  9.998675953430244956e-01
1.556262092054999935e-01  9.998592232760566967e-01
1.588529921301000125e-01  9.998517938100350833e-01
1.620797813239999996e-01  9.998447825260410315e-01
1.653065761141999934e-01  9.998387918983845379e-01
1.685333759920999985e-01  9.998335343395894359e-01
1.717601805563999939e-01  9.998289355182269356e-01
1.749869894772000112e-01  9.998244382275257580e-01
1.782138024742999927e-01  9.998205403780577871e-01
1.814406193031999903e-01  9.998166850202168110e-01
1.846674397458999972e-01  9.998119920160737362e-01
1.878942636053000104e-01  9.998070688038618314e-01
1.911210907011000049e-01  9.998028123849246329e-01
1.943479208674999958e-01  9.997981211808208979e-01
1.975747539507000106e-01  9.997920712967806045e-01
2.008015898076999928e-01  9.997852304035883542e-01
2.040284283050000091e-01  9.997784578436915703e-01
2.072552693179000038e-01  9.997730340590286202e-01
2.104821127294999872e-01  9.997642383754802298e-01
2.137089584301999912e-01  9.997617743920419464e-01
2.169358063170999940e-01  9.997566335697491979e-01
2.201626562931000008e-01  9.997528356569044261e-01
2.233895082670999954e-01  9.997480646211093225e-01
2.266163621530999928e-01  9.997430291230180455e-01
2.298432178701000084e-01  9.997396973948602383e-01
2.330700753413000037e-01  9.997368046792078911e-01
2.362969344945000105e-01  9.997340495213545841e-01
2.395237952612999932e-01  9.997310863032221606e-01
2.427506575768000052e-01  9.997283693569362084e-01
2.459775213796999982e-01  9.997257225201505726e-01
2.492043866119000028e-01  9.997219429933249524e-01
2.524312532181000046e-01  9.997177224350417557e-01
2.556581211460999814e-01  9.997142156383097555e-01
2.588849903461000190e-01  9.997083711361065550e-01
2.621118607708999848e-01  9.997035037273197533e-01
2.653387323754000104e-01  9.996989405651518501e-01
2.685656051168999747e-01  9.996943361389966087e-01
2.717924789548000208e-01  9.996885055007831422e-01
2.750193538499999812e-01  9.996839382050719536e-01
2.782462297657999906e-01  9.996759842267102236e-01
2.814731066667000015e-01  9.996720882855757440e-01
2.846999845191000023e-01  9.996673799360464852e-01
2.879268632906999970e-01  9.996635933650102057e-01
2.911537429509999941e-01  9.996596490713911543e-01
2.943806234704000047e-01  9.996569449061066814e-01
2.976075048210000129e-01  9.996536625875250826e-01
3.008343869756999744e-01  9.996516028379553997e-01
3.040612699088999782e-01  9.996486357382119436e-01
3.072881535959000043e-01  9.996463197318289362e-01
3.105150380132000176e-01  9.996433719161910147e-01
3.137419231379000029e-01  9.996409295703309050e-01
3.169688089484999916e-01  9.996383108095978631e-01
3.201956954240999798e-01  9.996344266749206398e-01
3.234225825447000213e-01  9.996310849067947535e-01
3.266494702909999992e-01  9.996272419153220401e-01
3.298763586446999962e-01  9.996229898956731086e-01
3.331032475879999732e-01  9.996169299722743595e-01
3.363301371037999976e-01  9.996152770203931004e-01
3.395570271757000214e-01  9.996101609408526434e-01
3.427839177879999921e-01  9.996060454869568623e-01
3.460108089255000130e-01  9.996029082460945459e-01
3.492377005735000095e-01  9.995987878394960724e-01
3.524645927180000138e-01  9.995953132312928036e-01
3.556914853452999847e-01  9.995917873880973969e-01
3.589183784425000190e-01  9.995892062379024834e-01
3.621452719968999978e-01  9.995858044875767234e-01
3.653721659961999824e-01  9.995827025536174748e-01
3.685990604289000050e-01  9.995818219150477413e-01
3.718259552834999870e-01  9.995788834925882771e-01
3.750528505492000120e-01  9.995745363800113692e-01
3.782797462151999968e-01  9.995731182417827432e-01
3.815066422716000272e-01  9.995699377972998567e-01
3.847335387083000158e-01  9.995672147725477297e-01
3.879604355158999818e-01  9.995630759074426441e-01
3.911873326850999755e-01  9.995606446267220058e-01
3.944142302070999806e-01  9.995576601795275185e-01
3.976411280732000120e-01  9.995550915170966499e-01
4.008680262750000112e-01  9.995520564117770235e-01
4.040949248044999886e-01  9.995461304161389338e-01
4.073218236539000170e-01  9.995426685518700172e-01
4.105487228156000090e-01  9.995410881795143698e-01
4.137756222823000263e-01  9.995388527989966798e-01
4.170025220467999949e-01  9.995340863809502041e-01
4.202294221023000209e-01  9.995308345078272039e-01
4.234563224421000194e-01  9.995283527207465823e-01
4.266832230597000231e-01  9.995248288897743416e-01
4.299101239488000159e-01  9.995240932515803145e-01
4.331370251034000196e-01  9.995210053470572342e-01
4.363639265175000004e-01  9.995172914632248773e-01
4.395908281854000177e-01  9.995156239402550602e-01
4.428177301016000267e-01  9.995121611257844485e-01
4.460446322605000069e-01  9.995100042080207192e-01
4.492715346571000135e-01  9.995077965183095658e-01
4.524984372861000081e-01  9.995043862216901331e-01
4.557253401426999972e-01  9.995022259859315250e-01
4.589522432218999803e-01  9.994992642167465080e-01
4.621791465191000259e-01  9.994978066809081518e-01
4.654060500298999870e-01  9.994940311199151939e-01
4.686329537496000119e-01  9.994911509264351457e-01
4.718598576742000228e-01  9.994887457598656821e-01
4.750867617992000080e-01  9.994863682235234359e-01
4.783136661208000073e-01  9.994838090772234507e-01
4.815405706349000226e-01  9.994802667559437026e-01
4.847674753376000067e-01  9.994774170494765686e-01
4.879943802251999752e-01  9.994743301723038043e-01
4.912212852940999741e-01  9.994738856633481605e-01
4.944481905406999944e-01  9.994727024312597408e-01
4.976750959615000025e-01  9.994684645664926315e-01
5.009020015531999714e-01  9.994667351733510507e-01
5.041289073124000097e-01  9.994634616107666014e-01
5.073558132358999551e-01  9.994613037322473970e-01
5.105827193206999848e-01  9.994586121123231193e-01
5.138096255637000231e-01  9.994558218088361867e-01
5.170365319617999944e-01  9.994544532910644152e-01
5.202634385122999472e-01  9.994529178672083569e-01
5.234903452121999479e-01  9.994469184733104639e-01
5.267172520588999651e-01  9.994478231648601385e-01
5.299441590496000165e-01  9.994446670805632316e-01
5.331710661816999597e-01  9.994440370471858737e-01
5.363979734527000165e-01  9.994408702341117667e-01
5.396248808600000446e-01  9.994400024746974420e-01
5.428517884012999950e-01  9.994346416070929440e-01
5.460786960739999474e-01  9.994329446985529275e-01
5.493056038760000259e-01  9.994298901120758361e-01
5.525325118049999595e-01  9.994277144827398152e-01
5.557594198586000012e-01  9.994243056881347842e-01
5.589863280347999730e-01  9.994249372379053753e-01
5.622132363314999992e-01  9.994232628600666635e-01
5.654401447464999508e-01  9.994226226863210938e-01
5.686670532779000142e-01  9.994157467628117519e-01
5.718939619237000116e-01  9.994159123099676245e-01
5.751208706818999872e-01  9.994101003553884643e-01
5.783477795506000163e-01  9.994087359844330276e-01
5.815746885281000145e-01  9.994106297428697605e-01
5.848015976124999460e-01  9.994080942401477596e-01
5.880285068020000283e-01  9.994056985520964886e-01
5.912554160948999549e-01  9.994008680192022487e-01
5.944823254896000053e-01  9.993985562164473535e-01
5.977092349843999841e-01  9.993982238449786726e-01
6.009361445776000288e-01  9.993978279628228378e-01
6.041630542677000060e-01  9.993916931402784254e-01
6.073899640530999733e-01  9.993940131730851828e-01
6.106168739323000194e-01  9.993911358658256194e-01
6.138437839039000421e-01  9.993856721579857938e-01
6.170706939662999879e-01  9.993863950306198785e-01
6.202976041182000078e-01  9.993849016471233471e-01
6.235245143581999994e-01  9.993803336799507164e-01
6.267514246848000514e-01  9.993797954038832199e-01
6.299783350969000439e-01  9.993794712003739589e-01
6.332052455929999546e-01  9.993788492162871684e-01
6.364321561718000453e-01  9.993744713686358860e-01
6.396590668321999740e-01  9.993687241789803721e-01
6.428859775729000026e-01  9.993685545341268739e-01
6.461128883925999489e-01  9.993709640376479131e-01
6.493397992902999460e-01  9.993672185430085841e-01
6.525667102647000339e-01  9.993612497136834527e-01
6.557936213146999815e-01  9.993580738787378737e-01
6.590205324392000019e-01  9.993585807969238566e-01
6.622474436370999751e-01  9.993520193194653789e-01
6.654743549073000031e-01  9.993549514286870217e-01
6.687012662487999970e-01  9.993471063193029025e-01
6.719281776605999790e-01  9.993510964205009062e-01
6.751550891416000511e-01  9.993471628631184211e-01
6.783820006909000444e-01  9.993465028511732129e-01
6.816089123073999501e-01  9.993457202312783227e-01
6.848358239902999633e-01  9.993412627988574881e-01
6.880627357384999643e-01  9.993367983381489239e-01
6.912896475512999572e-01  9.993389230678099144e-01
6.945165594276000443e-01  9.993432691003333312e-01
6.977434713665999766e-01  9.993327737195288885e-01
7.009703833674000295e-01  9.993272782932117737e-01
7.041972954291999542e-01  9.993324603824224051e-01
7.074242075511000261e-01  9.993352187549883192e-01
7.106511197322999962e-01  9.993300670905295169e-01
7.138780319719999490e-01  9.993231835933928942e-01
7.171049442694999998e-01  9.993259335886333083e-01
7.203318566238999798e-01  9.993231324762553713e-01
7.235587690343999734e-01  9.993231475388080209e-01
7.267856815004000159e-01  9.993207296809921703e-01
7.300125940210999698e-01  9.993178483328791772e-01
7.332395065957000302e-01  9.993126523114936877e-01
7.364664192236000106e-01  9.993090293989670414e-01
7.396933319041000265e-01  9.993006114877880375e-01
7.429202446364000512e-01  9.993047921539335299e-01
7.461471574199000090e-01  9.992972119712939527e-01
7.493740702539000154e-01  9.993031467638563425e-01
7.526009831377999948e-01  9.993009912170575104e-01
7.558278960709999827e-01  9.993021914397759442e-01
8.254802977342999837e-01  9.992584072417025620e-01
9.260320089140999800e-01  9.992063551373050467e-01
1.085583357024999973e+00  9.991274242463232813e-01
1.338471561016000067e+00  9.990099537855827716e-01
1.682644638445000007e+00  9.988595260476732518e-01
2.118281757434000045e+00  9.986616826755624343e-01
2.666758588548999942e+00  9.983900388083531974e-01
3.357250154174999945e+00  9.979765033565026755e-01
4.226527532840999690e+00  9.973416971152990751e-01
5.320882914741000391e+00  9.963260879747499743e-01
6.698594714549000351e+00  9.946182331873838489e-01
8.433031109455999541e+00  9.918486183480774709e-01
1.061655716213999945e+01  9.871353722205916670e-01
1.336545359718999926e+01  9.793312030650915823e-01
1.682610917366000081e+01  9.663458195825905817e-01
2.118281642034000001e+01  9.453313426567243605e-01
2.666758588493999937e+01  9.116357462905080311e-01
3.357250154175000034e+01  8.594537124471525180e-01
4.226527532840999868e+01  7.829806198628804781e-01
5.320882914741000036e+01  6.788714853199316890e-01
6.698594714549000173e+01  5.481094286879411026e-01
8.433031109456000252e+01  4.094668260631840195e-01
1.061655716214000051e+02  2.745774736969904262e-01
1.336545359719000032e+02  1.661675756274230142e-01
1.682610917366000081e+02  8.873239917009627387e-02
2.118281642034000072e+02  4.461520273362702682e-02
2.666758588494000151e+02  2.035614407679481319e-02
3.357250154175000034e+02  8.794868149101341473e-03
4.226527532841000152e+02  3.777206293088055528e-03
5.320882914740999468e+02  1.746636137647499930e-03
