2.342383225086999853e-05  9.998845798010576047e-01
3.640294116727999690e-05  9.998845788691299585e-01
4.946310322565000304e-05  9.998845478412452525e-01
6.264011166395000148e-05  9.998845362396076020e-01
7.597066843398999540e-05  9.998845166014580510e-01
8.949271631452000459e-05  9.998844933826001036e-01
1.032457858419999984e-04  9.998844732047647010e-01
1.172713615430000017e-04  9.998844239372690623e-01
1.316132719866999962e-04  9.998844154173011090e-01
1.463181081793000083e-04  9.998843572803279844e-01
1.614356747585999892e-04  9.998843408237158004e-01
1.770194782554000115e-04  9.998843056843658150e-01
1.931272562984000067e-04  9.998842496674116287e-01
2.098215509406000084e-04  9.998841903047964719e-01
2.271703281505000000e-04  9.998841242508346161e-01
2.452476437537999738e-04  9.998840478464187109e-01
2.641343535025000204e-04  9.998839747346051077e-01
2.839188612059000247e-04  9.998838837983069494e-01
3.046978936289999949e-04  9.998837846485950642e-01
3.265772837551000245e-04  9.998836682528056130e-01
3.496727346047000229e-04  9.998835397936108871e-01
3.741105237038999968e-04  9.998833887073668159e-01
4.000280932668999804e-04  9.998832082347324235e-01
4.275744532449000089e-04  9.998830346456251128e-01
4.569103042132999920e-04  9.998828176704332993e-01
4.882077661235999949e-04  9.998825836768354680e-01
5.216495800206000233e-04  9.998822761078616228e-01
5.574276373705000075e-04  9.998819826419075296e-01
5.957406919289000118e-04  9.998816068409631663e-01
6.367911299147999962e-04  9.998811867920426311e-01
6.807807238457000377e-04  9.998807054831014840e-01
7.279053800715999971e-04  9.998801570995007326e-01
7.783490108302999928e-04  9.998795238688377163e-01
8.322768103062999894e-04  9.998787935788587822e-01
8.898283702375999697e-04  9.998779886651464333e-01
9.511112017448000461e-04  9.998770564232090097e-01
1.016195297717000044e-03  9.998760109210408364e-01
1.085109340847000047e-03  9.998748019413323807e-01
1.157839021784999936e-03  9.998734430141478224e-01
1.234327694715999912e-03  9.998719387883761023e-01
1.314479308473999941e-03  9.998702767169694861e-01
1.398163272390999957e-03  9.998709214409536861e-01
1.485220707151999921e-03  9.998726083331362924e-01
1.575471429779999946e-03  9.998740349827411888e-01
1.668721034506000017e-03  9.998752696766028958e-01
1.764767535007000059e-03  9.998763139836428504e-01
1.863407189281000029e-03  9.998771882055901283e-01
1.964439295974000198e-03  9.998779401727552196e-01
2.067669899140000146e-03  9.998785756027936955e-01
2.172914450263999878e-03  9.998791221725589207e-01
2.279999547543000091e-03  9.998795647390288366e-01
2.388763907458000147e-03  9.998799697838792744e-01
2.499058731261999920e-03  9.998803021573010597e-01
2.610747618733999867e-03  9.998805810398204708e-01
2.723706161473000119e-03  9.998808126993420364e-01
2.837821324241999923e-03  9.998810189809439475e-01
2.952990699354000013e-03  9.998811754777361394e-01
3.069121697900000119e-03  9.998813243525571659e-01
3.186130723896000126e-03  9.998814276238844334e-01
3.303942363111999920e-03  9.998814955436344798e-01
3.422488607369000152e-03  9.998814900283609086e-01
3.541708126875999906e-03  9.998815133655626353e-01
3.661545597229000186e-03  9.998814363464312294e-01
3.781951083524999827e-03  9.998813113635824923e-01
3.902879481253999916e-03  9.998810772074429032e-01
4.024290011780000398e-03  9.998807167315701960e-01
4.146145769163000171e-03  9.998802419316564771e-01
4.268413314468999867e-03  9.998795904804184120e-01
4.391062313495000188e-03  9.998787946449171349e-01
4.514065213811000420e-03  9.998779262749515340e-01
4.637396957190000231e-03  9.998767536618221596e-01
4.761034723717000317e-03  9.998752176465397490e-01
4.884957704154000400e-03  9.998737540017774705e-01
5.009146897423999607e-03  9.998717262264132932e-01
5.133584930403000367e-03  9.998711162419098297e-01
5.258255897475999641e-03  9.998689468376517064e-01
5.383145217591999744e-03  9.998657952090546086e-01
5.508239506812000197e-03  9.998644154861280331e-01
5.633526464567000132e-03  9.998609218952867472e-01
5.758994772047000034e-03  9.998597145815190101e-01
5.884634001325999772e-03  9.998577348336383785e-01
6.010434534006000272e-03  9.998552432735661188e-01
6.136387488293999944e-03  9.998517429810966917e-01
6.262484653553999567e-03  9.998496520272757149e-01
6.388718431504999962e-03  9.998465402749042719e-01
6.515081783318999765e-03  9.998440645928013959e-01
6.641568181969000235e-03  9.998409095312873474e-01
6.768171569253999750e-03  9.998384638959501025e-01
6.894886316990999665e-03  9.998360337289423638e-01
7.021707191932000103e-03  9.998334599242727494e-01
7.148629324000999735e-03  9.998306440863367062e-01
7.275648177512999970e-03  9.998281438041756175e-01
7.402759525051000149e-03  9.998256880176249473e-01
7.529959423736999613e-03  9.998234824524061537e-01
7.657244193652999568e-03  9.998212344352676029e-01
7.784610398185999765e-03  9.998192248367551160e-01
7.912054826109999814e-03  9.998171358607422787e-01
8.039574475240000850e-03  9.998154182668447243e-01
8.167166537496000842e-03  9.998138092717911984e-01
8.294828385235999968e-03  9.998122249366769854e-01
8.422557558754000320e-03  9.998109806265291777e-01
8.550351754817999209e-03  9.998098962523935818e-01
8.678208816154999242e-03  9.998090202934993842e-01
8.806126721798000767e-03  9.998082355371145091e-01
8.934103578213000579e-03  9.998077235889784031e-01
9.062137611134999868e-03  9.998073358115882048e-01
9.190227158059999582e-03  9.998072956369318254e-01
9.318370661313000319e-03  9.998072196908583953e-01
9.446566661667999895e-03  9.998073947945547157e-01
9.574813792451999581e-03  9.998079522294478494e-01
9.703110774102999617e-03  9.998083773785857442e-01
9.831456409135000754e-03  9.998093539994020729e-01
9.959849577487999914e-03  9.998101920376433194e-01
1.008828923222000046e-02  9.998115677136953927e-01
1.021677439550000045e-02  9.998127385873712969e-01
1.034530415496999999e-02  9.998142099923644777e-01
1.047387766021000075e-02  9.998159601158350673e-01
1.060249411968999973e-02  9.998179441278962631e-01
1.073115279768999987e-02  9.998200657885292220e-01
1.085985301166999921e-02  9.998224006523075413e-01
1.098859412963000028e-02  9.998249395749655433e-01
1.111737556783000055e-02  9.998276355407447191e-01
1.124619678851999927e-02  9.998304791137854197e-01
1.137505729792999930e-02  9.998335125373815080e-01
1.150395664436999928e-02  9.998366833623582028e-01
1.163289441647000037e-02  9.998400562380175272e-01
1.176187024147999985e-02  9.998434787429265613e-01
1.189088378381999989e-02  9.998470368266864083e-01
1.201993474360999944e-02  9.998504825237273241e-01
1.214902285534999980e-02  9.998544834636613476e-01
1.227814788669000061e-02  9.998581539701781873e-01
1.240730963729999928e-02  9.998619860684445637e-01
1.253650793781000035e-02  9.998659728157183180e-01
1.266574264878999982e-02  9.998697066104633713e-01
1.279501365988999946e-02  9.998737987744084066e-01
1.292432088893999929e-02  9.998777262538464106e-01
1.305366428118000070e-02  9.998814641584433671e-01
1.318304380856999934e-02  9.998853784828366509e-01
1.331245946905000067e-02  9.998893018406124211e-01
1.344191128598999987e-02  9.998928890137098735e-01
1.357139930755000071e-02  9.998965896326350578e-01
1.370092360621999981e-02  9.999003275157677395e-01
1.383048427831999952e-02  9.999040120164889300e-01
1.396008144351999943e-02  9.999074360318406240e-01
1.408971524449999929e-02  9.999110481209749768e-01
1.421938584656000024e-02  9.999145030726350747e-01
1.434909343728999961e-02  9.999177962522811658e-01
1.447883822628000076e-02  9.999209853924336810e-01
1.460862044486000051e-02  9.999243761491118931e-01
1.473844034586999953e-02  9.999278265095236096e-01
1.486829820348000049e-02  9.999305494916868042e-01
1.499819431295999934e-02  9.999339007151919478e-01
1.512812899060000070e-02  9.999366931627031718e-01
1.525810257354999998e-02  9.999398166414291689e-01
1.538811541972999984e-02  9.999426605776877697e-01
1.551816790776000023e-02  9.999455744382210742e-01
1.564826043692000082e-02  9.999483317005749550e-01
1.577839342710999834e-02  9.999512189124184491e-01
1.590856731885999936e-02  9.999539510039473500e-01
1.603878257333999843e-02  9.999569751341927937e-01
1.616903967239000095e-02  9.999593860888837948e-01
1.629933911856000159e-02  9.999620240781295077e-01
1.642968143523999835e-02  9.999645979658512429e-01
1.656006716671000120e-02  9.999674990388471851e-01
1.669049687825999856e-02  9.999699529654438868e-01
1.682097115631000020e-02  9.999724599987827034e-01
1.695149060862000123e-02  9.999751609264861951e-01
1.708205586435000006e-02  9.999776536832511997e-01
1.721266757436000147e-02  9.999800821116392457e-01
1.734332641132000155e-02  9.999829071486409093e-01
1.747403306998999983e-02  9.999853809517127434e-01
1.760478826740000113e-02  9.999881738839828671e-01
1.773559274316999917e-02  9.999904996133615054e-01
1.786644725970000167e-02  9.999931444365224298e-01
1.799735260252999930e-02  9.999955851452257960e-01
1.812830958058999839e-02  9.999982463680566758e-01
1.825931902652999997e-02  1.000000923178836043e+00
1.839038179707000106e-02  1.000002593365174830e+00
1.852149877334999944e-02  1.000006116233075337e+00
1.865267086126999943e-02  1.000008527708985628e+00
1.878389899190999884e-02  1.000010774448892192e+00
1.891518412192999890e-02  1.000013179362460036e+00
1.904652723396000127e-02  1.000016631412550039e+00
1.917792933706000125e-02  1.000018801036233418e+00
1.930939146719000063e-02  1.000022316762249952e+00
1.944091468764000061e-02  1.000024694143500703e+00
1.957250008957000034e-02  1.000027506403832200e+00
1.970414879247000053e-02  1.000030104195672509e+00
1.983586194472999886e-02  1.000032514716845622e+00
1.996764072417999900e-02  1.000035325580555856e+00
2.009948633861000089e-02  1.000037797057941269e+00
2.023140002642000168e-02  1.000040260836327022e+00
2.036338305720999942e-02  1.000043094517390596e+00
2.049543673236000133e-02  1.000045487182152026e+00
2.062756238574999998e-02  1.000048109423637088e+00
2.075976138438000163e-02  1.000050819060040785e+00
2.089203512905999857e-02  1.000053519474069619e+00
2.102438505516000117e-02  1.000056531789415226e+00
2.115681263330999873e-02  1.000058298276364610e+00
2.128931937020000012e-02  1.000060826716707929e+00
2.142190680932999983e-02  1.000062104755475856e+00
2.155457653181000119e-02  1.000065655188753455e+00
2.168733015726000135e-02  1.000067418195830893e+00
2.182016934460000168e-02  1.000069286088921983e+00
2.195309579297999997e-02  1.000071293033352848e+00
2.208611124268999859e-02  1.000073506145112701e+00
2.221921747609999914e-02  1.000075870839338021e+00
2.235241631863000081e-02  1.000077626239597617e+00
2.248570963977999937e-02  1.000079137130960083e+00
2.261909935413999873e-02  1.000081211431932404e+00
2.275258742248999905e-02  1.000082894607010386e+00
2.288617585285999956e-02  1.000085481017094047e+00
2.301986670170999907e-02  1.000086362298589826e+00
2.315366207507999971e-02  1.000087521484396058e+00
2.328756412980999974e-02  1.000089540044445613e+00
2.342157507478000167e-02  1.000091177258218833e+00
2.355569717223000153e-02  1.000092495225584299e+00
2.368993273900999938e-02  1.000093286253506353e+00
2.382428414805999942e-02  1.000095591976050136e+00
2.395875382972000034e-02  1.000097558103070439e+00
2.409334427325000166e-02  1.000100459271077824e+00
2.422805802832999830e-02  1.000099650351556457e+00
2.436289770659999868e-02  1.000101642459879203e+00
2.449786598325999834e-02  1.000102801010834375e+00
2.463296559873999828e-02  1.000104531593154489e+00
2.476819936039999920e-02  1.000106297484522955e+00
2.490357014431000132e-02  1.000107785036789654e+00
2.503908089703999959e-02  1.000108156119025704e+00
2.517473463760000127e-02  1.000108793544727037e+00
2.531053445932000129e-02  1.000111110447334584e+00
2.544648353191000106e-02  1.000111721999164649e+00
2.558258510350000167e-02  1.000112844566780845e+00
2.571884250282999856e-02  1.000116072711725090e+00
2.585525914144000056e-02  1.000116908840936736e+00
2.599183851596999911e-02  1.000118903229207268e+00
2.612858421052000057e-02  1.000118791039120936e+00
2.626549989916000111e-02  1.000120371095412519e+00
2.640258934840999938e-02  1.000121648503226268e+00
2.653985641987999938e-02  1.000122832341197920e+00
2.667730507303000057e-02  1.000123737410710589e+00
2.681493936794999977e-02  1.000124934777136154e+00
2.695276346829000164e-02  1.000125835646017647e+00
2.709078164427999869e-02  1.000127601771215069e+00
2.722899827584999988e-02  1.000128588653570905e+00
2.736741785591000065e-02  1.000130223276300079e+00
2.750604499364999941e-02  1.000130911891704333e+00
2.764488441809000163e-02  1.000131858919051320e+00
2.778394098165999984e-02  1.000132822875891669e+00
2.792321966394999827e-02  1.000133646796240949e+00
2.806272557558000050e-02  1.000134588314835815e+00
2.820246396230999958e-02  1.000136296563794769e+00
2.834244020911999909e-02  1.000135130042067111e+00
2.848265984467000106e-02  1.000137402992288038e+00
2.862312854572000159e-02  1.000138126139256789e+00
2.876385214191000059e-02  1.000141443141325581e+00
2.890483662057000136e-02  1.000140337297753979e+00
2.904608813183999841e-02  1.000142180393351454e+00
2.918761299391000111e-02  1.000143665849319685e+00
2.932941769851999878e-02  1.000143039179101523e+00
2.947150891665999833e-02  1.000145083611485575e+00
2.961389350450999852e-02  1.000144438590238272e+00
2.975657850965000156e-02  1.000145243602108547e+00
2.989957117743000103e-02  1.000144628464983976e+00
3.004287895777999970e-02  1.000146975681442951e+00
3.018650951210000155e-02  1.000146097322860639e+00
3.033047072062999838e-02  1.000148401951646226e+00
3.047477068999000088e-02  1.000148617816175367e+00
3.061941776118000044e-02  1.000150080000403285e+00
3.076442051778000009e-02  1.000150072231542842e+00
3.090978779464999965e-02  1.000150275200922367e+00
3.105552868691999896e-02  1.000152081279981564e+00
3.120165255945999902e-02  1.000150942317421077e+00
3.134816905666999720e-02  1.000152140371054266e+00
3.149508811285999660e-02  1.000151379528700257e+00
3.164241996298999826e-02  1.000150230920629379e+00
3.179017515393999654e-02  1.000153416741947021e+00
3.193836455635999660e-02  1.000155809946871699e+00
3.208699937699999866e-02  1.000154915386007204e+00
3.223609117170000288e-02  1.000155176682069991e+00
3.238565185895000281e-02  1.000157029757469118e+00
3.253569373416000110e-02  1.000157103282851567e+00
3.268622948462000105e-02  1.000156730901878621e+00
3.283727220514000289e-02  1.000158673294479383e+00
3.298883541460000124e-02  1.000159330394191359e+00
3.314093307319000009e-02  1.000158743064493372e+00
3.329357960068000249e-02  1.000159346401474414e+00
3.344678989552000298e-02  1.000160269643281419e+00
3.360057935501999798e-02  1.000161043268977146e+00
3.375496389648999923e-02  1.000161018669218471e+00
3.390995997968000025e-02  1.000161207003896990e+00
3.406558463021999716e-02  1.000160283510526993e+00
3.422185546453000021e-02  1.000163421091504024e+00
3.437879071596999792e-02  1.000162670801496789e+00
3.453640926248999904e-02  1.000162376656912322e+00
3.469473065590000099e-02  1.000163649727863424e+00
3.485377515266999821e-02  1.000161542924099090e+00
3.501356374662999843e-02  1.000161227353717930e+00
3.517411820354000157e-02  1.000162131118985887e+00
3.533546109764999776e-02  1.000164113947470623e+00
3.549761585047000317e-02  1.000162413998950228e+00
3.566060677194000245e-02  1.000164119317532796e+00
3.582445910399999905e-02  1.000162187341424369e+00
3.598919906690999787e-02  1.000164726284282102e+00
3.615485390850999708e-02  1.000166109595871156e+00
3.632145195651000080e-02  1.000164754860761063e+00
3.648902267417999945e-02  1.000167367120952111e+00
3.665759671964000099e-02  1.000164923974352194e+00
3.682720600907000291e-02  1.000165974794053891e+00
3.699788378410000245e-02  1.000164445540222768e+00
3.716966468374999916e-02  1.000166761689303740e+00
3.734258482128000045e-02  1.000166243816373646e+00
3.751668186636999969e-02  1.000167887616785878e+00
3.769199513310000221e-02  1.000166564138005310e+00
3.786856567408000002e-02  1.000167474396306710e+00
3.804643638148000329e-02  1.000167399737054152e+00
3.822565209543000303e-02  1.000167465624163921e+00
3.840625972036999791e-02  1.000168395006234112e+00
3.858830835027000222e-02  1.000168607319642522e+00
3.877184940333999741e-02  1.000168330934573024e+00
3.895693676715999976e-02  1.000167674539373275e+00
3.914362695529999964e-02  1.000167351057170029e+00
3.933197927635000146e-02  1.000167284155695002e+00
3.952205601669000340e-02  1.000167421144180224e+00
3.971392263831999975e-02  1.000167201020255581e+00
3.990764799318000100e-02  1.000167516301250670e+00
4.010330455575000091e-02  1.000166805651169666e+00
4.030096867565999968e-02  1.000167616418713434e+00
4.050072085252000298e-02  1.000167993650061371e+00
4.070264603526999730e-02  1.000166465977306407e+00
4.090683394872000195e-02  1.000168165527981712e+00
4.111337945016999701e-02  1.000168057718300307e+00
4.132238291969000249e-02  1.000168233592971356e+00
4.153395068759999781e-02  1.000167392494493157e+00
4.174819550365999749e-02  1.000166481440357469e+00
4.196523705276000021e-02  1.000167184846175727e+00
4.218520252283999850e-02  1.000165503281592372e+00
4.240822723111999787e-02  1.000165769229203860e+00
4.263445531631999963e-02  1.000166565371519267e+00
4.286404050481999739e-02  1.000164553437405068e+00
4.309714696058999928e-02  1.000166735860817724e+00
4.333395022989999790e-02  1.000165051654468673e+00
4.357463829350000095e-02  1.000165115624945367e+00
4.381941274108999695e-02  1.000164516118687175e+00
4.406849008523999744e-02  1.000164996948030627e+00
4.432210323476999669e-02  1.000165423309522961e+00
4.458050315086999754e-02  1.000163478521880700e+00
4.484396071345000262e-02  1.000163845917970029e+00
4.511276882976000130e-02  1.000162268023654155e+00
4.538724482334000054e-02  1.000163643077360165e+00
4.566773314821000185e-02  1.000162516982025629e+00
4.595460848156000117e-02  1.000162749527264916e+00
4.624827925871000112e-02  1.000161270071735498e+00
4.654919172632000085e-02  1.000161882430507410e+00
4.685783460536999817e-02  1.000160499410846615e+00
4.717474447414000266e-02  1.000160323905983084e+00
4.750051200477999752e-02  1.000159087357270771e+00
4.783578921577000265e-02  1.000159997164211667e+00
4.818129793861999910e-02  1.000160315915934239e+00
4.853783974211999669e-02  1.000160049369251292e+00
4.890630761355999750e-02  1.000160643525050075e+00
4.928769976779000250e-02  1.000156992610061080e+00
4.968313604452000154e-02  1.000157168050494816e+00
5.009387746873000119e-02  1.000155570627185408e+00
5.052134969369000139e-02  1.000154547177636744e+00
5.096717123169999808e-02  1.000154272789935295e+00
5.143318761268000222e-02  1.000152757067047649e+00
5.192151291148999759e-02  1.000151002542032819e+00
5.243458046452999927e-02  1.000151747741588215e+00
5.297520507283000335e-02  1.000149301081016517e+00
5.354665957746999883e-02  1.000148001208893689e+00
5.415276939589999672e-02  1.000147600832806960e+00
5.479802940365999936e-02  1.000144003473893317e+00
5.548774834623999841e-02  1.000143599642107972e+00
5.622822654952999710e-02  1.000141491657426940e+00
5.702697257002999759e-02  1.000138754304526811e+00
5.789296255932999818e-02  1.000138050534502998e+00
5.883694049436000162e-02  1.000135024814620355e+00
5.987174428389999831e-02  1.000132889503191347e+00
6.101261560037000292e-02  1.000128749024261410e+00
6.227740017998999872e-02  1.000125387307119640e+00
6.368645891318000518e-02  1.000120734543673118e+00
6.526198642873999589e-02  1.000118141779757774e+00
6.702631237740999670e-02  1.000110602413519123e+00
6.899878027802999747e-02  1.000104442986988751e+00
7.119123140567000518e-02  1.000096951893145958e+00
7.360318372495999739e-02  1.000088819733586432e+00
7.621905516648999623e-02  1.000079830832625527e+00
7.900977389249000393e-02  1.000069544963293700e+00
8.193877958266000683e-02  1.000059823203647502e+00
8.496945669090000264e-02  1.000048404691495030e+00
8.807055670492000554e-02  1.000037009436012481e+00
9.121830338241999903e-02  1.000026097059246499e+00
9.439599679233000307e-02  1.000015063328948628e+00
9.759252053733000198e-02  1.000005419136900109e+00
1.008007286757000021e-01  9.999968371529067701e-01
1.040161280850999959e-01  9.999877283051210597e-01
1.072359322854000013e-01  9.999797339110861882e-01
1.104584277363000050e-01  9.999713385443272928e-01
1.136825660591000015e-01  9.999655887475760174e-01
1.169077077483000049e-01  9.999589683269144436e-01
1.201334633456000028e-01  9.999530534786175151e-01
1.233595958397999959e-01  9.999458617655760939e-01
1.265859609956999920e-01  9.999389045800002318e-01
1.298124709834999890e-01  9.999306530085639855e-01
1.330390722500000011e-01  9.999227227714563293e-01
1.362657320697999996e-01  9.999135424386981219e-01
1.394924303771999941e-01  9.999044336456638371e-01
1.427191548052000047e-01  9.998952485065423224e-01
1.459458976740999891e-01  9.998858192018296176e-01
1.491726541623999980e-01  9.998759979966079792e-01
1.523994211955000122e-01  9.998673064476195638e-01
1.556261967708000016e-01  9.998589865606940519e-01
1.588529795465999928e-01  9.998508337792798573e-01
1.620797685916000042e-01  9.998446363697317540e-01
1.653065632328999945e-01  9.998386260868372677e-01
1.685333629619999996e-01  9.998335133705188449e-01
1.717601673773999915e-01  9.998290984303993545e-01
1.749869761493000053e-01  9.998243592820207359e-01
1.782137889975999867e-01  9.998200136349378875e-01
1.814406056776000087e-01  9.998155571928815100e-01
1.846674259714000121e-01  9.998117471944406587e-01
1.878942496818999941e-01  9.998075756638418188e-01
1.911210766288999885e-01  9.998022525172649555e-01
1.943479066464000038e-01  9.997982992526078805e-01
1.975747395807999907e-01  9.997920575449115166e-01
2.008015752887999938e-01  9.997859242259836687e-01
2.040284136373000101e-01  9.997787648077525180e-01
2.072552545013000014e-01  9.997734902461319351e-01
2.104820977641000124e-01  9.997671777972318985e-01
2.137089433159000129e-01  9.997627027260942434e-01
2.169357910539000123e-01  9.997560128394267220e-01
2.201626408810999913e-01  9.997527641962632439e-01
2.233894927062000102e-01  9.997484055742800191e-01
2.266163464434000074e-01  9.997427762541752916e-01
2.298432020113999885e-01  9.997403098013701861e-01
2.330700593338000115e-01  9.997373149690412797e-01
2.362969183381999905e-01  9.997343555305465701e-01
2.395237789559999941e-01  9.997305251225562239e-01
2.427506411227000060e-01  9.997308129268093202e-01
2.459775047766999956e-01  9.997251776314165506e-01
2.492043698599999968e-01  9.997218434886232519e-01
2.524312363173999985e-01  9.997195625286993126e-01
2.556581040965000273e-01  9.997148212701971737e-01
2.588849731476999816e-01  9.997102981716746717e-01
2.621118434235999994e-01  9.997027682338760490e-01
2.653387148792000216e-01  9.996993374467382232e-01
2.685655874719000136e-01  9.996956153251140842e-01
2.717924611609000007e-01  9.996889218465944138e-01
2.750193359072999888e-01  9.996812884784259667e-01
2.782462116741999947e-01  9.996762521795410361e-01
2.814730884262000021e-01  9.996733458582928167e-01
2.846999661296999995e-01  9.996694622376621764e-01
2.879268447525000219e-01  9.996650915134139836e-01
2.911537242639000156e-01  9.996605130977843645e-01
2.943806046344999983e-01  9.996577582101595638e-01
2.976074858362000031e-01  9.996559812613418083e-01
3.008343678420000167e-01  9.996518978969858304e-01
3.040612506263999926e-01  9.996490685714807256e-01
3.072881341645999909e-01  9.996484097360662791e-01
3.105150184329000251e-01  9.996463901536948304e-01
3.137419034087999825e-01  9.996411723899242263e-01
3.169687890705000233e-01  9.996372839475510252e-01
3.201956753972999836e-01  9.996359862163300969e-01
3.234225623690000218e-01  9.996328858116224625e-01
3.266494499665000273e-01  9.996285790862929899e-01
3.298763381713000209e-01  9.996247323126566942e-01
3.331032269656999945e-01  9.996203320554325478e-01
3.363301163326000154e-01  9.996168876844853113e-01
3.395570062557000113e-01  9.996119745665393852e-01
3.427838967190999786e-01  9.996090313745397138e-01
3.460107877076999960e-01  9.996045930811401359e-01
3.492376792069000202e-01  9.996000536863448582e-01
3.524645712025000210e-01  9.995973842823778766e-01
3.556914636810000196e-01  9.995932844748663948e-01
3.589183566292999950e-01  9.995912959618334925e-01
3.621452500348000259e-01  9.995880712862147410e-01
3.653721438852999825e-01  9.995849685159950981e-01
3.685990381691000017e-01  9.995844807501742535e-01
3.718259328749000114e-01  9.995803328586617686e-01
3.750528279916000018e-01  9.995777675413491936e-01
3.782797235088999899e-01  9.995754149681927991e-01
3.815066194164000168e-01  9.995717987812116068e-01
3.847335157042000020e-01  9.995695221542405529e-01
3.879604123629999957e-01  9.995665939121557431e-01
3.911873093832999859e-01  9.995632091156869681e-01
3.944142067563999876e-01  9.995599256680660627e-01
3.976411044736000155e-01  9.995576708139528588e-01
4.008680025265999869e-01  9.995546178951284499e-01
4.040949009072999920e-01  9.995497405247701916e-01
4.073217996078000169e-01  9.995465433303956093e-01
4.105486986206000055e-01  9.995445192213429086e-01
4.137755979384000193e-01  9.995411424149988067e-01
4.170024975541000156e-01  9.995381947849997228e-01
4.202293974606999827e-01  9.995346069892264707e-01
4.234562976515999777e-01  9.995317510840164843e-01
4.266831981204000090e-01  9.995304239990602246e-01
4.299100988605999984e-01  9.995278173576208625e-01
4.331369998663999743e-01  9.995242827202041047e-01
4.363639011316000071e-01  9.995208750602299075e-01
4.395908026506999966e-01  9.995197878008943437e-01
4.428177044180000022e-01  9.995174893132386940e-01
4.460446064281000100e-01  9.995136299253373213e-01
4.492715086758000131e-01  9.995123087067370182e-01
4.524984111559000044e-01  9.995095485046040507e-01
4.557253138635999901e-01  9.995059511765072013e-01
4.589522167940000008e-01  9.995039668145334621e-01
4.621791199424000185e-01  9.995016761518932258e-01
4.654060233042000005e-01  9.994991198201308436e-01
4.686329268750999977e-01  9.994973983062225287e-01
4.718598306508000051e-01  9.994931754751212871e-01
4.750867346270000180e-01  9.994905378090749304e-01
4.783136387997000138e-01  9.994893031732721145e-01
4.815405431649000256e-01  9.994844253273807988e-01
4.847674477187999820e-01  9.994835389562407579e-01
4.879943524575999780e-01  9.994797651858631227e-01
4.912212573775999735e-01  9.994776689259522451e-01
4.944481624752999904e-01  9.994750688494253854e-01
4.976750677473000262e-01  9.994736786383099370e-01
5.009019731900999917e-01  9.994719576036856790e-01
5.041288788004000265e-01  9.994682299572782425e-01
5.073557845750999995e-01  9.994681196045526184e-01
5.105826905110000258e-01  9.994654865982831593e-01
5.138095966050999497e-01  9.994614102057439720e-01
5.170365028543999486e-01  9.994592156173249808e-01
5.202634092560000090e-01  9.994572342771499418e-01
5.234903158071000373e-01  9.994555233725794796e-01
5.267172225049000511e-01  9.994549353550048476e-01
5.299441293466999880e-01  9.994517355282781512e-01
5.331710363299999589e-01  9.994491046372786514e-01
5.363979434521000123e-01  9.994464305608061760e-01
5.396248507105999570e-01  9.994452531051625233e-01
5.428517581028999839e-01  9.994410304238895426e-01
5.460786656268999950e-01  9.994405358244371484e-01
5.493055732799999591e-01  9.994379049578180352e-01
5.525324810601000003e-01  9.994345115486801268e-01
5.557593889648999586e-01  9.994331206345672403e-01
5.589862969922000380e-01  9.994328786159821787e-01
5.622132051399999497e-01  9.994292475148222055e-01
5.654401134062000400e-01  9.994274790657212693e-01
5.686670217886999890e-01  9.994246619990547753e-01
5.718939302855999829e-01  9.994234732854766490e-01
5.751208388948999550e-01  9.994189544942280179e-01
5.783477476148000118e-01  9.994166087191609371e-01
5.815746564434000065e-01  9.994168258493719703e-01
5.848015653789999657e-01  9.994152762266984569e-01
5.880284744196000446e-01  9.994125896443835089e-01
5.912553835636999988e-01  9.994102731089078429e-01
5.944822928095000458e-01  9.994093992722041797e-01
5.977092021554000212e-01  9.994045549233481207e-01
6.009361115996999514e-01  9.994054259827298559e-01
6.041630211409999562e-01  9.994019923014468842e-01
6.073899307775000311e-01  9.994002347454865598e-01
6.106168405078999939e-01  9.993986626435131804e-01
6.138437503306000131e-01  9.993974010989027379e-01
6.170706602441999866e-01  9.993973932089399437e-01
6.202975702472000030e-01  9.993949735270446499e-01
6.235244803382999912e-01  9.993934460063780278e-01
6.267513905160999599e-01  9.993926738284300004e-01
6.299783007792999490e-01  9.993871999476005019e-01
6.332052111264999672e-01  9.993846185634658319e-01
6.364321215564999745e-01  9.993833225037055401e-01
6.396590320681000419e-01  9.993812235198279437e-01
6.428859426598999560e-01  9.993797913806512501e-01
6.461128533308000410e-01  9.993773021837210058e-01
6.493397640796000347e-01  9.993746074337197527e-01
6.525666749051000082e-01  9.993743996139853314e-01
6.557935858061999523e-01  9.993714850286509188e-01
6.590204967819000004e-01  9.993678285111254889e-01
6.622474078308999701e-01  9.993684918081818802e-01
6.654743189523000257e-01  9.993662464481476437e-01
6.687012301449000162e-01  9.993642512429365965e-01
6.719281414077999948e-01  9.993607734207611282e-01
6.751550527399999835e-01  9.993595776443671141e-01
6.783819641403999734e-01  9.993579363274969207e-01
6.816088756081000177e-01  9.993565571438309814e-01
6.848357871421000276e-01  9.993558015572413522e-01
6.880626987414999451e-01  9.993528762077878991e-01
6.912896104053000146e-01  9.993502237011627765e-01
6.945165221328000182e-01  9.993493243400300985e-01
6.977434339228999471e-01  9.993463910600733913e-01
7.009703457749000277e-01  9.993477455986192748e-01
7.041972576877999490e-01  9.993458286511125443e-01
7.074241696608000174e-01  9.993422336444622855e-01
7.106510816932000152e-01  9.993407649596713904e-01
7.138779937840999956e-01  9.993388881510325561e-01
7.171049059327000430e-01  9.993364856684874287e-01
7.203318181382000196e-01  9.993360150434391631e-01
7.235587303999000408e-01  9.993333011486743578e-01
7.267856427169999689e-01  9.993342951625737713e-01
7.300125550888000303e-01  9.993301018762544841e-01
7.332394675146000074e-01  9.993290683928462981e-01
7.364663799935999844e-01  9.993287707348001980e-01
7.396932925251999968e-01  9.993258288756448060e-01
7.429202051087000491e-01  9.993238075073391791e-01
7.461471177433000035e-01  9.993225204010262042e-01
7.493740304285000375e-01  9.993222841861372219e-01
7.526009431635000135e-01  9.993184513425725779e-01
7.558278559477999980e-01  9.993173384770541734e-01
8.254802524343000103e-01  9.992812022682804329e-01
9.260319552742000138e-01  9.992348721802556399e-01
1.085583289107000082e+00  9.991664211643568327e-01
1.338471472684999997e+00  9.990748719758741903e-01
1.682644526662999906e+00  9.989878575035425756e-01
2.118281616692999858e+00  9.988652304908839374e-01
2.666758411366000114e+00  9.987540704484874077e-01
3.357249931115999786e+00  9.986095790332556454e-01
4.226527252025999992e+00  9.984244580611915110e-01
5.320882561216000006e+00  9.981723727160667359e-01
6.698594269486999764e+00  9.977989991959399507e-01
8.433030549155999367e+00  9.972275195530408975e-01
1.061655645677000059e+01  9.960819994861543902e-01
1.336545270917000039e+01  9.947398477654398885e-01
1.682610805571000157e+01  9.923680672300485561e-01
2.118281501292999991e+01  9.875898723008085245e-01
2.666758411310999932e+01  9.809596978926130584e-01
3.357249931116000141e+01  9.695131188174976877e-01
4.226527252025999815e+01  9.509384323504305181e-01
5.320882561215999829e+01  9.206960615713724039e-01
6.698594269487000474e+01  8.735394134236390551e-01
8.433030549155999722e+01  8.050644133965806359e-01
1.061655645677000024e+02  7.083569400224835055e-01
1.336545270917000039e+02  5.912504525083319695e-01
1.682610805571000014e+02  4.470518361120151551e-01
2.118281501293000133e+02  3.079536386819645699e-01
2.666758411311000145e+02  2.001780111141799878e-01
3.357249931115999857e+02  1.146453122757310206e-01
4.226527252025999815e+02  5.851105988921862067e-02
5.320882561216000113e+02  2.715720989921470083e-02
6.698594269487000474e+02  1.210650313374624955e-02
8.433030549156000006e+02  5.244949686997042206e-03
1.061655645676999939e+03  2.368853468218337123e-03
