2.342383344515000125e-05  9.998852351919629289e-01
3.640294356490999725e-05  9.998852269102832535e-01
4.946310684647000293e-05  9.998852016359015549e-01
6.264011653779999586e-05  9.998851902142658066e-01
7.597067460116000088e-05  9.998851706130139627e-01
8.949272382621999329e-05  9.998851493799782997e-01
1.032457947610999948e-04  9.998851270198139130e-01
1.172713719449999960e-04  9.998850779145233014e-01
1.316132839608000118e-04  9.998850694805685446e-01
1.463181218296000013e-04  9.998850131061679525e-01
1.614356902056000051e-04  9.998849956848409049e-01
1.770194956380000096e-04  9.998849547684512951e-01
1.931272757756999879e-04  9.998849040917129338e-01
2.098215726943000053e-04  9.998848443728344249e-01
2.271703523877999925e-04  9.998847793140988038e-01
2.452476707102999942e-04  9.998847005929261123e-01
2.641343834454999771e-04  9.998846293537384522e-01
2.839188944384000014e-04  9.998845412971951729e-01
3.046979304936000177e-04  9.998844371932199548e-01
3.265773246389000050e-04  9.998843225516244049e-01
3.496727799436999927e-04  9.998841950349012242e-01
3.741105739881999954e-04  9.998840426733768272e-01
4.000281490455999986e-04  9.998838646858346779e-01
4.275745151306000239e-04  9.998836883436821310e-01
4.569103728864000219e-04  9.998834720400801013e-01
4.882078423352999774e-04  9.998832322759716451e-01
5.216496645938999924e-04  9.998829298445929270e-01
5.574277311996999511e-04  9.998826317693841892e-01
5.957407959749999810e-04  9.998822616255599316e-01
6.367912451976000124e-04  9.998818391980015541e-01
6.807808514315000356e-04  9.998813618166908501e-01
7.279055210558000059e-04  9.998808116629159803e-01
7.783491663149999778e-04  9.998801796436573852e-01
8.322769813743000327e-04  9.998794476500417749e-01
8.898285579234000309e-04  9.998786407917671371e-01
9.511114070045999800e-04  9.998777065398590791e-01
1.016195521400999969e-03  9.998766567025875185e-01
1.085109583674000091e-03  9.998754546541501753e-01
1.157839284329999999e-03  9.998740953580846913e-01
1.234327977394999911e-03  9.998725947211455356e-01
1.314479611547000014e-03  9.998709301096151414e-01
1.398163595969000072e-03  9.998715798690500645e-01
1.485221051212000029e-03  9.998732671742986966e-01
1.575471794182000057e-03  9.998746787890360199e-01
1.668721419017999948e-03  9.998759256348799251e-01
1.764767939321000090e-03  9.998769621766253612e-01
1.863407613039000073e-03  9.998778300324916435e-01
1.964439738783999804e-03  9.998785869602145882e-01
2.067670360592000021e-03  9.998792172117837440e-01
2.172914929941999890e-03  9.998797562667258720e-01
2.280000045037000080e-03  9.998802144174843143e-01
2.388764422368000202e-03  9.998806270794641238e-01
2.499059263204999985e-03  9.998809358830519356e-01
2.610748167348000016e-03  9.998812018440907945e-01
2.723706726417000120e-03  9.998814404101212805e-01
2.837821905198999878e-03  9.998816757416100209e-01
2.952991296028000152e-03  9.998818091435927036e-01
3.069122310018000069e-03  9.998819679236278235e-01
3.186131351206000079e-03  9.998820879017880081e-01
3.303943005382000125e-03  9.998821491982914367e-01
3.422489264385999985e-03  9.998821594889655273e-01
3.541708798444999969e-03  9.998821303094247437e-01
3.661546283169999933e-03  9.998820430053998454e-01
3.781951783673000167e-03  9.998819703929531233e-01
3.902880195459000178e-03  9.998817282796539363e-01
4.024290739901999724e-03  9.998813659640345408e-01
4.146146511074999888e-03  9.998808958456130158e-01
4.268414070054999884e-03  9.998802374001380944e-01
4.391063082648000160e-03  9.998794315214674100e-01
4.514065996430999608e-03  9.998785646747565536e-01
4.637397753186000247e-03  9.998774034109290110e-01
4.761035533005999847e-03  9.998758230093517385e-01
4.884958526658000205e-03  9.998743824919020806e-01
5.009147733072000057e-03  9.998724136644990823e-01
5.133585779128999570e-03  9.998717657772679956e-01
5.258256759219000383e-03  9.998695047062020613e-01
5.383146092293999811e-03  9.998664730824801117e-01
5.508240394421999586e-03  9.998650460190939837e-01
5.633527365036999912e-03  9.998615432153133975e-01
5.758995685329999607e-03  9.998604013964783599e-01
5.884634927380999816e-03  9.998583783638536060e-01
6.010435472793999867e-03  9.998559299682056034e-01
6.136388439778000040e-03  9.998524225548491851e-01
6.262485617700999652e-03  9.998502537517184319e-01
6.388719408282999591e-03  9.998472722790435752e-01
6.515082772698999568e-03  9.998446821759778835e-01
6.641569183921999971e-03  9.998415550885362268e-01
6.768172583755000318e-03  9.998390598266333473e-01
6.894887344016000300e-03  9.998366876090772903e-01
7.021708231458000105e-03  9.998340737586292049e-01
7.148630376007000277e-03  9.998313110171739293e-01
7.275649241978999690e-03  9.998287312846879660e-01
7.402760601958000355e-03  9.998263313679689457e-01
7.529960513069000085e-03  9.998241120119379932e-01
7.657245295393000015e-03  9.998218887051142367e-01
7.784611512316999896e-03  9.998197056371440627e-01
7.912055952619000479e-03  9.998177745230183433e-01
8.039575614113999430e-03  9.998160273058164238e-01
8.167167688720999852e-03  9.998144791533994935e-01
8.294829548800000327e-03  9.998128586393911776e-01
8.422558734646000411e-03  9.998115669052369814e-01
8.550352943028000086e-03  9.998105827401122525e-01
8.678210016673000224e-03  9.998097018216339782e-01
8.806127934613999439e-03  9.998088927463377740e-01
8.934104803318000665e-03  9.998083723652234633e-01
9.062138848522000023e-03  9.998080138350134982e-01
9.190228407720000062e-03  9.998078489775179545e-01
9.318371923238999779e-03  9.998078036111675004e-01
9.446567935853999662e-03  9.998079658887892851e-01
9.574815078891999245e-03  9.998086253584294036e-01
9.703112072789000370e-03  9.998089816341918512e-01
9.831457720063000588e-03  9.998098869358912344e-01
9.959850900652000155e-03  9.998107793684987143e-01
1.008829056761000043e-02  9.998120025020941215e-01
1.021677574312999937e-02  9.998134017332139800e-01
1.034530551480999927e-02  9.998147908620482749e-01
1.047387903228000003e-02  9.998166089165632098e-01
1.060249550396999939e-02  9.998186584591027826e-01
1.073115419417999990e-02  9.998206565382737887e-01
1.085985442036999961e-02  9.998230785702548751e-01
1.098859555053999931e-02  9.998255648378367999e-01
1.111737700093999928e-02  9.998282277788201888e-01
1.124619823382999942e-02  9.998311643622225242e-01
1.137505875543999914e-02  9.998341509915125158e-01
1.150395811408000055e-02  9.998373653254560844e-01
1.163289589837000065e-02  9.998406526332779265e-01
1.176187173557999982e-02  9.998441164262669156e-01
1.189088529011999955e-02  9.998476759033970707e-01
1.201993626209999985e-02  9.998512125254149785e-01
1.214902438602000027e-02  9.998551854105460768e-01
1.227814942955000009e-02  9.998587019764886286e-01
1.240731119236000018e-02  9.998626307685158920e-01
1.253650950504999959e-02  9.998666471900909958e-01
1.266574422823000048e-02  9.998704248377819903e-01
1.279501525151999913e-02  9.998743688139889452e-01
1.292432249275000077e-02  9.998779990259820671e-01
1.305366589719000013e-02  9.998819041214058734e-01
1.318304543676999951e-02  9.998860466258570057e-01
1.331246110945000054e-02  9.998898076064853813e-01
1.344191293856999980e-02  9.998937295664473979e-01
1.357140097233000033e-02  9.998973535165827098e-01
1.370092528320000086e-02  9.999009439564306989e-01
1.383048596748999957e-02  9.999046276541762035e-01
1.396008314488999917e-02  9.999081489111998344e-01
1.408971695807000046e-02  9.999116988007186180e-01
1.421938757232999936e-02  9.999151587365632254e-01
1.434909517526000017e-02  9.999183967663222150e-01
1.447883997645999996e-02  9.999218188829522846e-01
1.460862220723999939e-02  9.999250513109085858e-01
1.473844212046999946e-02  9.999284004464598086e-01
1.486829999029000079e-02  9.999313592911368564e-01
1.499819611199000070e-02  9.999344818526457734e-01
1.512813080184999964e-02  9.999374302822873206e-01
1.525810439701999997e-02  9.999404638334355999e-01
1.538811725541999915e-02  9.999433465086845496e-01
1.551816975567999954e-02  9.999461265815532407e-01
1.564826229707000013e-02  9.999491568222749205e-01
1.577839529948999939e-02  9.999517394656773916e-01
1.590856920349000003e-02  9.999547729198552393e-01
1.603878447020999978e-02  9.999573806625307038e-01
1.616904158149000056e-02  9.999599462975468089e-01
1.629934103991999977e-02  9.999626204307424659e-01
1.642968336885999858e-02  9.999651057761778095e-01
1.656006911258000106e-02  9.999681127040417339e-01
1.669049883639000045e-02  9.999705620807719519e-01
1.682097312671999856e-02  9.999732663247521414e-01
1.695149259129000163e-02  9.999757915161363586e-01
1.708205785930999934e-02  9.999782403371652029e-01
1.721266958160000068e-02  9.999805615911437906e-01
1.734332843084999964e-02  9.999834306435821940e-01
1.747403510181000028e-02  9.999861734113419942e-01
1.760479031151999940e-02  9.999887261788634740e-01
1.773559479960000115e-02  9.999912083600739354e-01
1.786644932844000042e-02  9.999936052169423606e-01
1.799735468359000071e-02  9.999963998660434950e-01
1.812831167396999899e-02  9.999989525092745080e-01
1.825932113223999870e-02  1.000001576923889246e+00
1.839038391512000034e-02  1.000003604745109964e+00
1.852150090373999927e-02  1.000006614705067909e+00
1.865267300400999875e-02  1.000009055459933016e+00
1.878390114701000008e-02  1.000011299627635353e+00
1.891518628940000099e-02  1.000013919387229722e+00
1.904652941380000075e-02  1.000017071898540166e+00
1.917793152928999947e-02  1.000020214725076517e+00
1.930939367179999866e-02  1.000022710668810877e+00
1.944091690465999875e-02  1.000025159848757283e+00
1.957250231898999965e-02  1.000028112954049586e+00
1.970415103430999890e-02  1.000030135365368444e+00
1.983586419898999975e-02  1.000033767933863560e+00
1.996764299087000136e-02  1.000035603210653434e+00
2.009948861774000020e-02  1.000038311796377588e+00
2.023140231800999930e-02  1.000041017456210435e+00
2.036338536125999882e-02  1.000043801488240902e+00
2.049543904889000040e-02  1.000046380899999088e+00
2.062756471475999873e-02  1.000048564182300037e+00
2.075976372587000005e-02  1.000051184545201810e+00
2.089203748306000044e-02  1.000053660771304642e+00
2.102438742166999955e-02  1.000056270689684501e+00
2.115681501236000087e-02  1.000058787942114336e+00
2.128932176178999908e-02  1.000061160269512417e+00
2.142190921345999907e-02  1.000063328746171765e+00
2.155457894851000103e-02  1.000065824798874514e+00
2.168733258652999832e-02  1.000068410359572502e+00
2.182017178646000061e-02  1.000070017082074436e+00
2.195309824743999980e-02  1.000072284984351523e+00
2.208611370975999827e-02  1.000072999157155973e+00
2.221921995579000109e-02  1.000075568531168857e+00
2.235241881095999944e-02  1.000077883212695085e+00
2.248571214476999952e-02  1.000080038916485003e+00
2.261910187179999934e-02  1.000081812736894227e+00
2.275258995284000149e-02  1.000083560900313362e+00
2.288617839590000036e-02  1.000085384182856973e+00
2.301986925746999854e-02  1.000087599460055987e+00
2.315366464357000026e-02  1.000088206789103928e+00
2.328756671104999926e-02  1.000090386996107306e+00
2.342157766879000153e-02  1.000091748091298305e+00
2.355569977902000067e-02  1.000093555951608648e+00
2.368993535861000158e-02  1.000094966468463742e+00
2.382428678047000120e-02  1.000096047833112012e+00
2.395875647495999961e-02  1.000097658150103541e+00
2.409334693134999872e-02  1.000100061492989800e+00
2.422806069931000145e-02  1.000100031006747825e+00
2.436290039046999992e-02  1.000102055376653087e+00
2.449786868003999904e-02  1.000102925823447286e+00
2.463296830845999874e-02  1.000104663793508930e+00
2.476820208308000079e-02  1.000107132488134987e+00
2.490357287995999952e-02  1.000107591472743085e+00
2.503908364570000059e-02  1.000108176099101742e+00
2.517473739928000054e-02  1.000110142678810599e+00
2.531053723404999914e-02  1.000112065139673323e+00
2.544648631969999991e-02  1.000113262286394633e+00
2.558258790439000077e-02  1.000113207086589018e+00
2.571884531683999928e-02  1.000116102292740949e+00
2.585526196859999973e-02  1.000117939210366291e+00
2.599184135628999914e-02  1.000118424608337442e+00
2.612858706404999967e-02  1.000118358625154746e+00
2.626550276591000169e-02  1.000121493176593823e+00
2.640259222840999828e-02  1.000122039644408156e+00
2.653985931316999933e-02  1.000123687156855956e+00
2.667730797962999945e-02  1.000124522510466907e+00
2.681494228789000137e-02  1.000125128558722487e+00
2.695276640161000173e-02  1.000126754667603812e+00
2.709078459099999864e-02  1.000127095078253037e+00
2.722900123600999894e-02  1.000129684048223000e+00
2.736742082953000019e-02  1.000130721829368685e+00
2.750604798078000110e-02  1.000131139108988876e+00
2.764488741875999883e-02  1.000132535489556718e+00
2.778394399590999875e-02  1.000133540623648898e+00
2.792322269180000024e-02  1.000136368123195618e+00
2.806272861708999922e-02  1.000134631717967792e+00
2.820246701749999987e-02  1.000136503758420670e+00
2.834244327803999916e-02  1.000136488085823006e+00
2.848266292735000121e-02  1.000138030716778204e+00
2.862313164221000003e-02  1.000139787753986376e+00
2.876385525225000003e-02  1.000140743224104511e+00
2.890483974481000001e-02  1.000140088026231222e+00
2.904609127001999899e-02  1.000141537439606765e+00
2.918761614607999835e-02  1.000142464523558594e+00
2.932942086471999887e-02  1.000143773483967768e+00
2.947151209693999949e-02  1.000143933362829474e+00
2.961389669891999893e-02  1.000144136329431666e+00
2.975658171823000048e-02  1.000144929739836153e+00
2.989957440025000149e-02  1.000144663684776614e+00
3.004288219488000095e-02  1.000145532200052978e+00
3.018651276354000074e-02  1.000147121636387304e+00
3.033047398646999959e-02  1.000148762770451727e+00
3.047477397029000126e-02  1.000149989778556847e+00
3.061942105599000166e-02  1.000149234634989615e+00
3.076442382717000171e-02  1.000151230551237003e+00
3.090979111866999987e-02  1.000151122164971706e+00
3.105553202564999976e-02  1.000152732112105092e+00
3.120165591294999860e-02  1.000151824573237258e+00
3.134817242500000101e-02  1.000153330533046114e+00
3.149509149609999725e-02  1.000153518471772918e+00
3.164242336120000332e-02  1.000152463787281398e+00
3.179017856721000346e-02  1.000154042284740141e+00
3.193836798474999905e-02  1.000155804362923506e+00
3.208700282059000208e-02  1.000153723388942817e+00
3.223609463057999780e-02  1.000156836041877551e+00
3.238565533319000267e-02  1.000156853239624333e+00
3.253569722386000229e-02  1.000157610010646403e+00
3.268623298986000208e-02  1.000159101513782289e+00
3.283727572601000122e-02  1.000158985180815696e+00
3.298883895118000231e-02  1.000160787576600097e+00
3.314093662558999925e-02  1.000158873927270209e+00
3.329358316900000309e-02  1.000159877343632653e+00
3.344679347986000140e-02  1.000160371687383476e+00
3.360058295546999863e-02  1.000162784157933471e+00
3.375496751318000227e-02  1.000161128380415709e+00
3.390996361270000314e-02  1.000162267247399761e+00
3.406558827970000009e-02  1.000161204099669687e+00
3.422185913057999851e-02  1.000163942232359826e+00
3.437879439870999976e-02  1.000163088723329707e+00
3.453641296204999767e-02  1.000162680804733695e+00
3.469473437239999764e-02  1.000163052184917190e+00
3.485377888624999893e-02  1.000162658916708303e+00
3.501356749744000130e-02  1.000163857838936687e+00
3.517412197170999982e-02  1.000165183139898772e+00
3.533546488331999746e-02  1.000164255895760634e+00
3.549761965381000028e-02  1.000163911915236792e+00
3.566061059310000197e-02  1.000164933025658565e+00
3.582446294313999802e-02  1.000165036874181235e+00
3.598920292419999917e-02  1.000165082712329179e+00
3.615485778413000256e-02  1.000166704372175586e+00
3.632145585063999843e-02  1.000165408816682699e+00
3.648902658699999801e-02  1.000167000364589720e+00
3.665760065134000129e-02  1.000165798806117001e+00
3.682720995985999668e-02  1.000165968218476031e+00
3.699788775419000225e-02  1.000164365204873729e+00
3.716966867336000263e-02  1.000167642581412109e+00
3.734258883062999829e-02  1.000166488711679014e+00
3.751668589570000129e-02  1.000168596488321571e+00
3.769199918265000310e-02  1.000167275459038940e+00
3.786856974409000265e-02  1.000167273566105575e+00
3.804644047222999897e-02  1.000167201370229630e+00
3.822565620717999907e-02  1.000167079862413377e+00
3.840626385340999843e-02  1.000167843043622939e+00
3.858831250490000336e-02  1.000169030894865196e+00
3.877185357986000225e-02  1.000167956396281310e+00
3.895694096590000127e-02  1.000168154089841499e+00
3.914363117659999669e-02  1.000167389666646978e+00
3.933198352054999986e-02  1.000167716849588606e+00
3.952206028416999778e-02  1.000168485384539618e+00
3.971392692944999969e-02  1.000167463639127785e+00
3.990765230836999800e-02  1.000168002147279189e+00
4.010330889541999927e-02  1.000167519745511990e+00
4.030097304024000265e-02  1.000167083494271969e+00
4.050072524248000266e-02  1.000167633144525947e+00
4.070265045109999757e-02  1.000168073048372852e+00
4.090683839091999868e-02  1.000168782224813757e+00
4.111338391928000269e-02  1.000168507100449133e+00
4.132238741626999973e-02  1.000168825813497753e+00
4.153395521224999970e-02  1.000166841837392129e+00
4.174820005699000219e-02  1.000167452229041132e+00
4.196524163544999853e-02  1.000167910570975094e+00
4.218520713556000307e-02  1.000166396843923611e+00
4.240823187462999799e-02  1.000165672155880703e+00
4.263445999140000331e-02  1.000166232499331898e+00
4.286404521228000253e-02  1.000167097873303268e+00
4.309715170132000228e-02  1.000166609540752871e+00
4.333395500482999790e-02  1.000165986049751377e+00
4.357464310362999665e-02  1.000166331155623256e+00
4.381941758745999671e-02  1.000164930472277502e+00
4.406849496898999907e-02  1.000166017126359108e+00
4.432210815709999863e-02  1.000165940835658018e+00
4.458050811307000261e-02  1.000163488341805795e+00
4.484396571691000311e-02  1.000163888648849975e+00
4.511277387596000082e-02  1.000163030986485957e+00
4.538724991387999702e-02  1.000163420104852374e+00
4.566773828482000031e-02  1.000164148908787354e+00
4.595461366609999987e-02  1.000163060193387743e+00
4.624828449319000334e-02  1.000162018452314339e+00
4.654919701292999784e-02  1.000162647548166861e+00
4.685783994649000278e-02  1.000161195068780762e+00
4.717474987236999762e-02  1.000159709026592125e+00
4.750051746294999683e-02  1.000160146783175330e+00
4.783579473698999773e-02  1.000159503096800018e+00
4.818130352630999730e-02  1.000161118609508293e+00
4.853784540005000314e-02  1.000160395389009471e+00
4.890631334591000190e-02  1.000158533143769235e+00
4.928770557919000261e-02  1.000159141005734220e+00
4.968314194013000173e-02  1.000156521138649390e+00
5.009388345430999812e-02  1.000156218845513534e+00
5.052135577573999697e-02  1.000153799426248602e+00
5.096717741752999908e-02  1.000154726305921171e+00
5.143319391057000339e-02  1.000153841603449001e+00
5.192151933089000221e-02  1.000151071531383051e+00
5.243458701621000334e-02  1.000152762361166792e+00
5.297521176922000141e-02  1.000150564907683837e+00
5.354666643290999922e-02  1.000149087452639751e+00
5.415277642706999711e-02  1.000147529844261918e+00
5.479803663004999964e-02  1.000145606964707889e+00
5.548775579074000097e-02  1.000144674545125678e+00
5.622823423920000202e-02  1.000142257765237908e+00
5.702698053693999736e-02  1.000140172063115118e+00
5.789297084161999785e-02  1.000138451288081543e+00
5.883694913745000227e-02  1.000135633387463363e+00
5.987175334176000202e-02  1.000133392965540269e+00
6.101262513660000303e-02  1.000128969520711619e+00
6.227741026842999877e-02  1.000126438965198927e+00
6.368646963703999964e-02  1.000121759157080348e+00
6.526199787717000544e-02  1.000117221881755558e+00
6.702632463782000338e-02  1.000111864685444107e+00
6.899879342315999586e-02  1.000105144789767531e+00
7.119124547668999325e-02  1.000097698122330847e+00
7.360319871645999712e-02  1.000089368533208622e+00
7.621907102232999831e-02  1.000080483752257221e+00
7.900979051784999541e-02  1.000070530345389397e+00
8.193879686732999379e-02  1.000060313627259667e+00
8.496947453172000453e-02  1.000048769162830586e+00
8.807057501845000358e-02  1.000037446800248420e+00
9.121832210770999816e-02  1.000026416635659388e+00
9.439601588774000629e-02  1.000016123569759774e+00
9.759253997568000105e-02  1.000006378787378303e+00
1.008007484396999942e-01  9.999965087225366478e-01
1.040161481639999969e-01  9.999885006365584195e-01
1.072359526724999956e-01  9.999771765211715735e-01
1.104584484275999978e-01  9.999718850538519277e-01
1.136825870520000031e-01  9.999656421229293768e-01
1.169077290413999964e-01  9.999592438319266918e-01
1.201334849379000064e-01  9.999518944983956104e-01
1.233596177307000052e-01  9.999458922906651059e-01
1.265859831850000006e-01  9.999376672807759325e-01
1.298124934708999867e-01  9.999308236112514070e-01
1.330390950353000090e-01  9.999223443255672583e-01
1.362657551529999900e-01  9.999135293252683354e-01
1.394924537582999946e-01  9.999044793574314305e-01
1.427191784841000122e-01  9.998950513670050722e-01
1.459459216508000035e-01  9.998859399351271993e-01
1.491726784367999881e-01  9.998761156285701501e-01
1.523994457677000092e-01  9.998671501021166863e-01
1.556262216408000054e-01  9.998586854177344829e-01
1.588530047143000001e-01  9.998511705338232192e-01
1.620797940570999907e-01  9.998443823431202304e-01
1.653065889961999879e-01  9.998379822239114034e-01
1.685333890229999965e-01  9.998329456223716827e-01
1.717601937361999953e-01  9.998283777768597336e-01
1.749870028058999882e-01  9.998240857376820001e-01
1.782138159519000009e-01  9.998197581051032623e-01
1.814406329297000020e-01  9.998159374487970430e-01
1.846674535212000090e-01  9.998110850405307337e-01
1.878942775293999945e-01  9.998069332477916848e-01
1.911211047741999958e-01  9.998022988225196972e-01
1.943479350894999902e-01  9.997954143067943056e-01
1.975747683215000050e-01  9.997918672494767733e-01
2.008016043273999907e-01  9.997869622049074811e-01
2.040284429735000071e-01  9.997787422940715985e-01
2.072552841353000053e-01  9.997723639726914246e-01
2.104821276957999920e-01  9.997669253334453554e-01
2.137089735453999995e-01  9.997608848459504927e-01
2.169358215811000024e-01  9.997550109364624626e-01
2.201626717060999883e-01  9.997512030946490436e-01
2.233895238289000107e-01  9.997467890938829260e-01
2.266163778638000115e-01  9.997412069244281385e-01
2.298432337295999994e-01  9.997384489266967211e-01
2.330700913498000015e-01  9.997355410798016706e-01
2.362969506519000118e-01  9.997324387224029163e-01
2.395238115674999946e-01  9.997297508519932263e-01
2.427506740319000100e-01  9.997268838184939499e-01
2.459775379836000031e-01  9.997239885052835451e-01
2.492044033647000112e-01  9.997206897112043134e-01
2.524312701197999886e-01  9.997161436465101803e-01
2.556581381967000244e-01  9.997117538041678797e-01
2.588850075456000099e-01  9.997068034158368421e-01
2.621118781192000036e-01  9.997024537099082897e-01
2.653387498725999771e-01  9.996976223052199684e-01
2.685656227630000004e-01  9.996923783635444094e-01
2.717924967497000188e-01  9.996857699370601535e-01
2.750193717939000138e-01  9.996777555934019954e-01
2.782462478584999954e-01  9.996746210656257681e-01
2.814731249081999787e-01  9.996700099004596218e-01
2.847000029094999829e-01  9.996656109946233659e-01
2.879268818299999810e-01  9.996605431241321060e-01
2.911537616391999816e-01  9.996569078038773926e-01
2.943806423074999956e-01  9.996541932028213395e-01
2.976075238068999762e-01  9.996513943640968902e-01
3.008344061104999967e-01  9.996478814653421141e-01
3.040612891926000039e-01  9.996455989664225772e-01
3.072881730284999779e-01  9.996428322031998270e-01
3.105150575946000191e-01  9.996408998620952557e-01
3.137419428682000078e-01  9.996368820892890250e-01
3.169688288276999999e-01  9.996349710631142749e-01
3.201957154521000160e-01  9.996304364282695420e-01
3.234226027216000054e-01  9.996279684572499935e-01
3.266494906167999868e-01  9.996240668409015484e-01
3.298763791193000117e-01  9.996196449740515355e-01
3.331032682114999921e-01  9.996156025463985850e-01
3.363301578760999888e-01  9.996110140542608935e-01
3.395570480969999916e-01  9.996068571195159125e-01
3.427839388580999902e-01  9.996024366408156059e-01
3.460108301445000145e-01  9.995985644986603580e-01
3.492377219414000145e-01  9.995954787140398645e-01
3.524646142346999911e-01  9.995897313420769592e-01
3.556915070109000210e-01  9.995873012201834662e-01
3.589184002570000032e-01  9.995842526261918826e-01
3.621452939602000098e-01  9.995819651125870120e-01
3.653721881084999734e-01  9.995787674308376225e-01
3.685990826900000239e-01  9.995774512908581766e-01
3.718259776935000094e-01  9.995739701443268066e-01
3.750528731080000067e-01  9.995700387183005242e-01
3.782797689228999949e-01  9.995678527166194094e-01
3.815066651281999732e-01  9.995645073432984917e-01
3.847335617138000208e-01  9.995615985148217364e-01
3.879604586702000146e-01  9.995598682830499904e-01
3.911873559883000118e-01  9.995565958509139426e-01
3.944142536592000203e-01  9.995514938453196052e-01
3.976411516741000240e-01  9.995487154762358051e-01
4.008680500248000267e-01  9.995436206969309234e-01
4.040949487032000076e-01  9.995400497065602963e-01
4.073218477014999839e-01  9.995382590625824237e-01
4.105487470120000038e-01  9.995353330330127850e-01
4.137756466276000245e-01  9.995329003856769923e-01
4.170025465409999965e-01  9.995279087463458945e-01
4.202294467452999949e-01  9.995254342762436295e-01
4.234563472339999968e-01  9.995235607092587404e-01
4.266832480003999728e-01  9.995186364779461430e-01
4.299101490384000246e-01  9.995165011694780999e-01
4.331370503418999762e-01  9.995131340980293322e-01
4.363639519049000159e-01  9.995084741273598805e-01
4.395908537216999812e-01  9.995097564535722068e-01
4.428177557867000180e-01  9.995048543263034269e-01
4.460446580945000017e-01  9.995027517283836538e-01
4.492715606398999806e-01  9.995023260671169751e-01
4.524984634177999787e-01  9.994986412242651275e-01
4.557253664231999957e-01  9.994950600010020780e-01
4.589522696512999822e-01  9.994925854040109803e-01
4.621791730975000068e-01  9.994909156643339010e-01
4.654060767570999957e-01  9.994870212098346807e-01
4.686329806257000241e-01  9.994853751756906934e-01
4.718598846991000073e-01  9.994820263552108841e-01
4.750867889729999960e-01  9.994760735270428187e-01
4.783136934434999987e-01  9.994721809803337464e-01
4.815405981063999863e-01  9.994698965608613817e-01
4.847675029579999739e-01  9.994700976985989582e-01
4.879944079945000013e-01  9.994663236119925021e-01
4.912213132123000037e-01  9.994653501091312897e-01
4.944482186076999963e-01  9.994610016656144680e-01
4.976751241774000079e-01  9.994569050706355595e-01
5.009020299179000046e-01  9.994563794536409640e-01
5.041289358260000464e-01  9.994558890702325282e-01
5.073558418983999951e-01  9.994519669055749178e-01
5.105827481321000283e-01  9.994486456156018717e-01
5.138096545239000390e-01  9.994459693671665645e-01
5.170365610709000137e-01  9.994441801400808512e-01
5.202634677702999699e-01  9.994396421103927119e-01
5.234903746190999740e-01  9.994356829827221178e-01
5.267172816145999636e-01  9.994360911615901566e-01
5.299441887542000185e-01  9.994353800910574792e-01
5.331710960351999651e-01  9.994328076896328295e-01
5.363980034549999942e-01  9.994272751100687913e-01
5.396249110112000258e-01  9.994300010321727212e-01
5.428518187012999485e-01  9.994233455605439076e-01
5.460787265230000465e-01  9.994219405383003574e-01
5.493056344737999863e-01  9.994192822031693346e-01
5.525325425516000033e-01  9.994153108203411850e-01
5.557594507541999684e-01  9.994131039255509386e-01
5.589863590793000547e-01  9.994123067900724244e-01
5.622132675248000533e-01  9.994087895172598657e-01
5.654401760887000083e-01  9.994043164017991643e-01
5.686670847689000441e-01  9.994031122365237829e-01
5.718939935635000138e-01  9.994035292470324627e-01
5.751209024705999928e-01  9.994013592554823466e-01
5.783478114882000254e-01  9.993996339060843281e-01
5.815747206146000270e-01  9.993986831742484034e-01
5.848016298478000419e-01  9.993942998937264122e-01
5.880285391862000166e-01  9.993922574806374248e-01
5.912554486279999466e-01  9.993862045931412030e-01
5.944823581716000005e-01  9.993816726920393689e-01
5.977092678151999516e-01  9.993833145235775373e-01
6.009361775572999997e-01  9.993847142484795221e-01
6.041630873961999493e-01  9.993762145389246676e-01
6.073899973305000310e-01  9.993744499310165397e-01
6.106169073585999696e-01  9.993714554106798431e-01
6.138438174790999957e-01  9.993701967373057604e-01
6.170707276903999450e-01  9.993772555954536507e-01
6.202976379911000482e-01  9.993663082012859133e-01
6.235245483800000432e-01  9.993645274265248180e-01
6.267514588554999877e-01  9.993616772026346906e-01
6.299783694163999526e-01  9.993581121402057565e-01
6.332052800613999777e-01  9.993589761752476042e-01
6.364321907890999608e-01  9.993547052886471160e-01
6.396591015984000039e-01  9.993538720473246206e-01
6.428860124879000049e-01  9.993471960644026986e-01
6.461129234564999546e-01  9.993475727170066936e-01
6.493398345030999552e-01  9.993426120728919892e-01
6.525667456263000155e-01  9.993471881060269624e-01
6.557936568251999665e-01  9.993353260525162929e-01
6.590205680985999903e-01  9.993412419646051648e-01
6.622474794453000468e-01  9.993399261035744718e-01
6.654743908643999672e-01  9.993330255095129733e-01
6.687013023547999646e-01  9.993286612603506924e-01
6.719282139154000300e-01  9.993315925872600092e-01
6.751551255452999944e-01  9.993152923785005859e-01
6.783820372434999912e-01  9.993285294994382895e-01
6.816089490089000114e-01  9.993263912055511122e-01
6.848358608405999970e-01  9.993231726334308451e-01
6.880627727377000014e-01  9.993180907875482966e-01
6.912896846992999667e-01  9.993162263519451693e-01
6.945165967244999461e-01  9.993140883057267665e-01
6.977435088123999929e-01  9.993128324036489873e-01
7.009704209620000182e-01  9.993074292327296382e-01
7.041973331726999463e-01  9.993095351916910785e-01
7.074242454435000216e-01  9.993058886445900235e-01
7.106511577735999952e-01  9.993087469722855554e-01
7.138780701621999514e-01  9.993079055856928239e-01
7.171049826084999745e-01  9.993015858875824442e-01
7.203318951117999580e-01  9.992972895213438900e-01
7.235588076711999550e-01  9.992944625231467981e-01
7.267857202861000010e-01  9.992918429051305118e-01
7.300126329556000382e-01  9.992881252681136139e-01
7.332395456790999910e-01  9.992876654355253851e-01
7.364664584558999749e-01  9.992896859596631653e-01
7.396933712851999632e-01  9.992875156700712358e-01
7.429202841663999912e-01  9.992820015900741870e-01
7.461471970987000324e-01  9.992834779091102071e-01
7.493741100816000422e-01  9.992772238229975512e-01
7.526010231144000251e-01  9.992762114683250152e-01
7.558279361963999854e-01  9.992763920630866048e-01
8.254803430368999884e-01  9.992262761612173971e-01
9.260320625571000219e-01  9.991627941239803468e-01
1.085583424948000086e+00  9.990628670592365257e-01
1.338471649351999915e+00  9.989028022721989641e-01
1.682644750234000064e+00  9.986665122481749313e-01
2.118281898183000056e+00  9.983394276997968886e-01
2.666758765741000126e+00  9.978296511694916271e-01
3.357250377248000017e+00  9.970184643139716751e-01
4.226527813671999922e+00  9.956991541263719991e-01
5.320883268286999979e+00  9.935320079057989862e-01
6.698595159636999696e+00  9.898659591868347318e-01
8.433031669788000784e+00  9.836732794265192759e-01
1.061655786755999920e+01  9.734388906254206608e-01
1.336545448526000079e+01  9.565239007749487543e-01
1.682611029166999828e+01  9.291941232214430135e-01
2.118281782783000011e+01  8.859778500133170809e-01
2.666758765686000032e+01  8.212025926517931840e-01
3.357250377247999751e+01  7.288320621703775481e-01
4.226527813671999922e+01  6.089533281901033934e-01
5.320883268287000334e+01  4.697734859502988858e-01
6.698595159637000052e+01  3.311252807881198690e-01
8.433031669787999363e+01  2.071500506190332713e-01
1.061655786756000026e+02  1.098148472527102903e-01
1.336545448525999973e+02  6.008432890965677980e-02
1.682611029166999970e+02  2.807779624483825939e-02
2.118281782782999869e+02  1.225837075648070901e-02
2.666758765686000174e+02  5.195198887004618023e-03
3.357250377248000177e+02  2.303959927132836604e-03
4.226527813672000207e+02  1.140617288912313147e-03
