2.342383207039000167e-05  9.999465031542398297e-01
3.640294080486000298e-05  9.999464948360603511e-01
4.946310267829000094e-05  9.999464713519197190e-01
6.264011092712999976e-05  9.999464591865711016e-01
7.597066750164000013e-05  9.999464362670488216e-01
8.949271517888000133e-05  9.999464137658161667e-01
1.032457844935000057e-04  9.999463905744672143e-01
1.172713599702999965e-04  9.999463454698707121e-01
1.316132701764000123e-04  9.999463298546479306e-01
1.463181061155999945e-04  9.999462716193904255e-01
1.614356724231999951e-04  9.999462498272373434e-01
1.770194756272999899e-04  9.999462091723507751e-01
1.931272533536999945e-04  9.999461493533403633e-01
2.098215476517000129e-04  9.999460922871681312e-01
2.271703244860999991e-04  9.999460247702623983e-01
2.452476396781999818e-04  9.999459462435966728e-01
2.641343489754000256e-04  9.999458664361984273e-01
2.839188561815000206e-04  9.999457735722416807e-01
3.046978880553999824e-04  9.999456644271671468e-01
3.265772775737999780e-04  9.999455430333454853e-01
3.496727277498000203e-04  9.999454053645910889e-01
3.741105161013999871e-04  9.999452506132349150e-01
4.000280848336999870e-04  9.999450627621320198e-01
4.275744438882999872e-04  9.999448772689448761e-01
4.569102938305000120e-04  9.999446495396617784e-01
4.882077546010000092e-04  9.999443984042621913e-01
5.216495672337000122e-04  9.999440796788394703e-01
5.574276231841999779e-04  9.999437720794089879e-01
5.957406761980000307e-04  9.999433836837757772e-01
6.367911124849000249e-04  9.999429381120373828e-01
6.807807045556999934e-04  9.999424418869866660e-01
7.279053587559000324e-04  9.999418617803107479e-01
7.783489873222000123e-04  9.999412030712864219e-01
8.322767844420999933e-04  9.999404390403380249e-01
8.898283418608999998e-04  9.999395978710831079e-01
9.511111707111000223e-04  9.999386267972968367e-01
1.016195263897999926e-03  9.999375357722226632e-01
1.085109304132999934e-03  9.999362843641244059e-01
1.157838982090000045e-03  9.999348762326224493e-01
1.234327651977000073e-03  9.999333203099864953e-01
1.314479262652000100e-03  9.999315949588913899e-01
1.398163223467999974e-03  9.999321825712030876e-01
1.485220655132999919e-03  9.999337962344665431e-01
1.575471374684999986e-03  9.999351454068993172e-01
1.668720976370999948e-03  9.999363085790436978e-01
1.764767473876999908e-03  9.999372710523897201e-01
1.863407125211000073e-03  9.999380678130703748e-01
1.964439229023999967e-03  9.999387322837204328e-01
2.067669829372000175e-03  9.999392741350182634e-01
2.172914377740000052e-03  9.999397300938617228e-01
2.279999472325999928e-03  9.999400937795223099e-01
2.388763829607000195e-03  9.999403838479629103e-01
2.499058650835999859e-03  9.999406142178426382e-01
2.610747535786999904e-03  9.999407656028143077e-01
2.723706076056999891e-03  9.999409200551599985e-01
2.837821236405000096e-03  9.999410328097275702e-01
2.952990609140000115e-03  9.999410708342681975e-01
3.069121605350999971e-03  9.999410960708878804e-01
3.186130629051000217e-03  9.999410978625319357e-01
3.303942266004999961e-03  9.999410684809613148e-01
3.422488508032000155e-03  9.999409589881415039e-01
3.541708025339000178e-03  9.999408410265461233e-01
3.661545493518999963e-03  9.999406447496752559e-01
3.781950977666999943e-03  9.999404127997568725e-01
3.902879373271000204e-03  9.999400540882700250e-01
4.024289901693000118e-03  9.999395894460861856e-01
4.146145656990000115e-03  9.999389840443179134e-01
4.268413200228999595e-03  9.999382356080717127e-01
4.391062197203999921e-03  9.999372943491019461e-01
4.514065095484000312e-03  9.999362816840710044e-01
4.637396836840000300e-03  9.999349823866875431e-01
4.761034601357999781e-03  9.999333731270637626e-01
4.884957579795999941e-03  9.999317534866863921e-01
5.009146771079000041e-03  9.999296861007919146e-01
5.133584802080999772e-03  9.999289235147248434e-01
5.258255767186000365e-03  9.999266276914451357e-01
5.383145085341999730e-03  9.999233383258403496e-01
5.508239372609999990e-03  9.999218260775946110e-01
5.633526328422000344e-03  9.999182031263216253e-01
5.758994633964000139e-03  9.999168929101195369e-01
5.884633861312000246e-03  9.999147788427340533e-01
6.010434392066999788e-03  9.999121890513181787e-01
6.136387344434999710e-03  9.999085771035294279e-01
6.262484507779999925e-03  9.999063724219697802e-01
6.388718283821999584e-03  9.999031225520681465e-01
6.515081633730999792e-03  9.999004416570719256e-01
6.641568030480000072e-03  9.998972060854878219e-01
6.768171415867999668e-03  9.998946813461312422e-01
6.894886161710999870e-03  9.998921179091855294e-01
7.021707034761999998e-03  9.998893822530854347e-01
7.148629164944000393e-03  9.998864792756694264e-01
7.275648016571999860e-03  9.998838879767063537e-01
7.402759362229000342e-03  9.998814135855107477e-01
7.529959259037000315e-03  9.998790129558983164e-01
7.657244027077000047e-03  9.998766278684305675e-01
7.784610229736000156e-03  9.998744409694820812e-01
7.912054655788000254e-03  9.998724094794138040e-01
8.039574303048999809e-03  9.998704569328572545e-01
8.167166363438000190e-03  9.998686627198993815e-01
8.294828209312000641e-03  9.998670660696019619e-01
8.422557380966000720e-03  9.998656962637595402e-01
8.550351575167999471e-03  9.998645537430829178e-01
8.678208634644000302e-03  9.998634826648143958e-01
8.806126538427999292e-03  9.998626617832576668e-01
8.934103392984000039e-03  9.998619926352803056e-01
9.062137424049999598e-03  9.998614574953167411e-01
9.190226969118000383e-03  9.998612601118824772e-01
9.318370470516999793e-03  9.998611066781227796e-01
9.446566469017999776e-03  9.998610899540549823e-01
9.574813597950000005e-03  9.998615917104527462e-01
9.703110577749000584e-03  9.998618951100453067e-01
9.831456210929999731e-03  9.998627743832837478e-01
9.959849377432999570e-03  9.998634774261653257e-01
1.008828903030999959e-02  9.998645888218318234e-01
1.021677419174999921e-02  9.998658435931132571e-01
1.034530394936000047e-02  9.998672311286228576e-01
1.047387745276999980e-02  9.998687600689257771e-01
1.060249391039000053e-02  9.998706278233214784e-01
1.073115258655000029e-02  9.998727441631092283e-01
1.085985279868000031e-02  9.998748324646061780e-01
1.098859391479999927e-02  9.998773378041927451e-01
1.111737535115000022e-02  9.998799121132972978e-01
1.124619656998999961e-02  9.998826154873295957e-01
1.137505707755999927e-02  9.998856376487936792e-01
1.150395642216000061e-02  9.998885691062773251e-01
1.163289419241000065e-02  9.998918534903876720e-01
1.176187001557999975e-02  9.998951642794636774e-01
1.189088355607999942e-02  9.998986067761980179e-01
1.201993451403000034e-02  9.999020163541942896e-01
1.214902262391999964e-02  9.999056983476122262e-01
1.227814765340999939e-02  9.999093538657364277e-01
1.240730940217999942e-02  9.999131823993966384e-01
1.253650770085000012e-02  9.999170125553447086e-01
1.266574240998999921e-02  9.999206925519018574e-01
1.279501341923999953e-02  9.999244892808650809e-01
1.292432064645000073e-02  9.999282595549994213e-01
1.305366403685000003e-02  9.999320832041078688e-01
1.318304356240000003e-02  9.999357776632278316e-01
1.331245922103999925e-02  9.999396641191122814e-01
1.344191103613000086e-02  9.999432371626251204e-01
1.357139905584000064e-02  9.999467626352689376e-01
1.370092335268000006e-02  9.999502989843990219e-01
1.383048402293000044e-02  9.999538329339110465e-01
1.396008118627999929e-02  9.999572650430429421e-01
1.408971498542000052e-02  9.999608477402807116e-01
1.421938558563999935e-02  9.999640240670265579e-01
1.434909317451999941e-02  9.999672671455488437e-01
1.447883796165999951e-02  9.999706132646318801e-01
1.460862017838999993e-02  9.999735225336636724e-01
1.473844007756000031e-02  9.999768200908966120e-01
1.486829793332000021e-02  9.999795715593046141e-01
1.499819404096000043e-02  9.999826135655487391e-01
1.512812871675000073e-02  9.999855039402744117e-01
1.525810229785000069e-02  9.999883796998608743e-01
1.538811514217999950e-02  9.999911897945448214e-01
1.551816762836000056e-02  9.999939409094742437e-01
1.564826015566999837e-02  9.999966446684060983e-01
1.577839314401999898e-02  9.999993169446945718e-01
1.590856703392000068e-02  1.000001874926301992e+00
1.603878228655000043e-02  1.000004438033612164e+00
1.616903938374000121e-02  1.000007168538520563e+00
1.629933882805999906e-02  1.000009721048807698e+00
1.642968114288999998e-02  1.000012191231056446e+00
1.656006687251000004e-02  1.000014887723254864e+00
1.669049658219999913e-02  1.000017195025055594e+00
1.682097085840000145e-02  1.000019703800409276e+00
1.695149030885000074e-02  1.000022501540361874e+00
1.708205556273000025e-02  1.000024680988744530e+00
1.721266727087999993e-02  1.000026951199576963e+00
1.734332610597999827e-02  1.000029691064660886e+00
1.747403276278999829e-02  1.000032006855893663e+00
1.760478795834000132e-02  1.000034447354478218e+00
1.773559243225000109e-02  1.000037045193389096e+00
1.786644694691999838e-02  1.000039366321644918e+00
1.799735228789000122e-02  1.000041786485036610e+00
1.812830926407999962e-02  1.000044303725468042e+00
1.825931870815999947e-02  1.000046724902456052e+00
1.839038147683999883e-02  1.000048709866545149e+00
1.852149845124000105e-02  1.000051669356179174e+00
1.865267053729999930e-02  1.000054123552735597e+00
1.878389866607000150e-02  1.000056098404974003e+00
1.891518379422000087e-02  1.000059117294705757e+00
1.904652690437999910e-02  1.000061438630568400e+00
1.917792900560999839e-02  1.000064079051858013e+00
1.930939113386000161e-02  1.000067013443795227e+00
1.944091435244000091e-02  1.000069670065604877e+00
1.957249975249000101e-02  1.000072281416866771e+00
1.970414845352000052e-02  1.000074304465162323e+00
1.983586160389999922e-02  1.000077195094847493e+00
1.996764038146000078e-02  1.000079979490857474e+00
2.009948599400999958e-02  1.000081809984804782e+00
2.023139967994999969e-02  1.000084777370663813e+00
2.036338270884999885e-02  1.000087176730180438e+00
2.049543638212000113e-02  1.000089464943517692e+00
2.062756203362000121e-02  1.000091558422358640e+00
2.075976103036000081e-02  1.000094733992311857e+00
2.089203477314999918e-02  1.000096915170906708e+00
2.102438469735000079e-02  1.000099229455558403e+00
2.115681227361999872e-02  1.000101620838487637e+00
2.128931900860999912e-02  1.000103991896481137e+00
2.142190644584000131e-02  1.000105218901966353e+00
2.155457616642000168e-02  1.000107926239487632e+00
2.168732978997000085e-02  1.000110193483781496e+00
2.182016897541000020e-02  1.000111836498320583e+00
2.195309542187999854e-02  1.000113572927717076e+00
2.208611086968000070e-02  1.000116165369026699e+00
2.221921710118000132e-02  1.000118049693950351e+00
2.235241594179999958e-02  1.000120006600261791e+00
2.248570926104000167e-02  1.000121549224602724e+00
2.261909897349000109e-02  1.000123180191277772e+00
2.275258703991000012e-02  1.000125250738198579e+00
2.288617546835999828e-02  1.000126899088672916e+00
2.301986631528999891e-02  1.000127892973360133e+00
2.315366168673000172e-02  1.000129484770507338e+00
2.328756373953999939e-02  1.000130491434528368e+00
2.342157468258000003e-02  1.000132576134499018e+00
2.355569677808999965e-02  1.000133748236181841e+00
2.368993234294999861e-02  1.000135183379659232e+00
2.382428375004999946e-02  1.000136779869284842e+00
2.395875342977000014e-02  1.000137424355370230e+00
2.409334387136000122e-02  1.000140177809157871e+00
2.422805762450000108e-02  1.000140673623395760e+00
2.436289730080999985e-02  1.000141827422256213e+00
2.449786557552000033e-02  1.000142424075308512e+00
2.463296518903999865e-02  1.000144662218279246e+00
2.476819894875000039e-02  1.000146411082444287e+00
2.490356973068999849e-02  1.000147380853518841e+00
2.503908048145999862e-02  1.000148090997841521e+00
2.517473422004999975e-02  1.000148693533654098e+00
2.531053403979999922e-02  1.000150674375353210e+00
2.544648311040999950e-02  1.000151012855480692e+00
2.558258468002000061e-02  1.000151917063432760e+00
2.571884207737000147e-02  1.000154535470482164e+00
2.585525871399000156e-02  1.000155425872449211e+00
2.599183808653000166e-02  1.000156617955620053e+00
2.612858377909000121e-02  1.000157488415158724e+00
2.626549946573000088e-02  1.000158883030927148e+00
2.640258891296999935e-02  1.000160002549255633e+00
2.653985598242999955e-02  1.000161074684692730e+00
2.667730463357000092e-02  1.000161865896989299e+00
2.681493892647000138e-02  1.000163267108058474e+00
2.695276302479000102e-02  1.000163814838690879e+00
2.709078119875000037e-02  1.000165407879505919e+00
2.722899782829000040e-02  1.000166937809927381e+00
2.736741740631000105e-02  1.000167399075902797e+00
2.750604454200999971e-02  1.000168291956017086e+00
2.764488396440999834e-02  1.000169047072493766e+00
2.778394052593000096e-02  1.000170581206837328e+00
2.792321920614999897e-02  1.000170808108280740e+00
2.806272511571999972e-02  1.000170563986547023e+00
2.820246350037999838e-02  1.000172619229864557e+00
2.834243974512000094e-02  1.000173167232730531e+00
2.848265937858000113e-02  1.000174916252644319e+00
2.862312807754999883e-02  1.000175093995341991e+00
2.876385167164000056e-02  1.000176469620138731e+00
2.890483614820999955e-02  1.000176527324356135e+00
2.904608765737000040e-02  1.000177513675375440e+00
2.918761251732000100e-02  1.000178366428037924e+00
2.932941721981000005e-02  1.000178821902611093e+00
2.947150843581999857e-02  1.000179694498537941e+00
2.961389302154000119e-02  1.000179339425475655e+00
2.975657802452999837e-02  1.000181363863448247e+00
2.989957069015999891e-02  1.000180859057696381e+00
3.004287846834000075e-02  1.000180735222428563e+00
3.018650902050000126e-02  1.000182012073975502e+00
3.033047022684999885e-02  1.000182563255235690e+00
3.047477019402999865e-02  1.000183330442404817e+00
3.061941726302000108e-02  1.000183146277047408e+00
3.076442001742000013e-02  1.000184442162101117e+00
3.090978729208000014e-02  1.000184402479866952e+00
3.105552818213000096e-02  1.000186490077257240e+00
3.120165205243000117e-02  1.000184832274724211e+00
3.134816854740000297e-02  1.000186734723579551e+00
3.149508760133999663e-02  1.000185778766020883e+00
3.164241944920000160e-02  1.000184162582818281e+00
3.179017463788000319e-02  1.000185243389967615e+00
3.193836403801000173e-02  1.000189727108169890e+00
3.208699885635000332e-02  1.000186795753323477e+00
3.223609064873000224e-02  1.000187749452976727e+00
3.238565133365999688e-02  1.000188214305427925e+00
3.253569320653999786e-02  1.000188978364320969e+00
3.268622895465000261e-02  1.000190590614583153e+00
3.283727167281000336e-02  1.000190511958158668e+00
3.298883487987999685e-02  1.000190582867253930e+00
3.314093253607999778e-02  1.000189992018176266e+00
3.329357906117000332e-02  1.000190065940327555e+00
3.344678935359000210e-02  1.000191617020335988e+00
3.360057881064999752e-02  1.000191920223658215e+00
3.375496334967000023e-02  1.000191624562081882e+00
3.390995943038999788e-02  1.000191359615035358e+00
3.406558407844000047e-02  1.000191816763240205e+00
3.422185491025000331e-02  1.000193229134352713e+00
3.437879015915999703e-02  1.000192554144666568e+00
3.453640870314000216e-02  1.000192931222045223e+00
3.469473009397999741e-02  1.000192485255704700e+00
3.485377458817000285e-02  1.000192284425469591e+00
3.501356317952999953e-02  1.000192783965878851e+00
3.517411763382000123e-02  1.000192305325125375e+00
3.533546052527000020e-02  1.000194839639476641e+00
3.549761527543000145e-02  1.000193345883592100e+00
3.566060619420000077e-02  1.000194141864660047e+00
3.582445852353999954e-02  1.000193852317684096e+00
3.598919848371000263e-02  1.000193602991832797e+00
3.615485332254000234e-02  1.000194751972284246e+00
3.632145136774000277e-02  1.000195149408886097e+00
3.648902208258000129e-02  1.000195005847634100e+00
3.665759612517999894e-02  1.000193074913265701e+00
3.682720541172999906e-02  1.000193086034909529e+00
3.699788318384000102e-02  1.000192663110161195e+00
3.716966408054000331e-02  1.000193921775744288e+00
3.734258421508000053e-02  1.000193755755736991e+00
3.751668125715999780e-02  1.000195841722900880e+00
3.769199452082999668e-02  1.000193398555207613e+00
3.786856505871000200e-02  1.000195606379294055e+00
3.804643576299000102e-02  1.000192798613266376e+00
3.822565147376000283e-02  1.000194882393056650e+00
3.840625909547999706e-02  1.000193366439581455e+00
3.858830772210999904e-02  1.000194857512726854e+00
3.877184877187000306e-02  1.000192195056850641e+00
3.895693613232999869e-02  1.000193530748233472e+00
3.914362631705999712e-02  1.000193707108321783e+00
3.933197863465000277e-02  1.000193298298208022e+00
3.952205537147000097e-02  1.000192798998807309e+00
3.971392198951999991e-02  1.000193269575692323e+00
3.990764734075000209e-02  1.000191359576574346e+00
4.010330389962000336e-02  1.000191920058125072e+00
4.030096801575999699e-02  1.000190837177611147e+00
4.050072018878000252e-02  1.000193236467145752e+00
4.070264536762999846e-02  1.000191564875173356e+00
4.090683327708000139e-02  1.000192237439441412e+00
4.111337877446000211e-02  1.000191980972727990e+00
4.132238223983000086e-02  1.000192855041976747e+00
4.153395000349999894e-02  1.000190442003913605e+00
4.174819481521999803e-02  1.000190664112474481e+00
4.196523635989000273e-02  1.000189818598905100e+00
4.218520182542000174e-02  1.000187981201414500e+00
4.240822652904999851e-02  1.000187036758224846e+00
4.263445460948000337e-02  1.000188380498649554e+00
4.286403979307999712e-02  1.000188497542946697e+00
4.309714624382000175e-02  1.000188452767825087e+00
4.333394950795999706e-02  1.000188113240152443e+00
4.357463756623999873e-02  1.000188107614249811e+00
4.381941200835000327e-02  1.000187208852427956e+00
4.406848934685000246e-02  1.000187038574924747e+00
4.432210249053999962e-02  1.000186100353491980e+00
4.458050240060999758e-02  1.000186460038726466e+00
4.484395995695000109e-02  1.000184439857644714e+00
4.511276806680000057e-02  1.000183990334277295e+00
4.538724405367999815e-02  1.000183954673613984e+00
4.566773237158999743e-02  1.000183761998270304e+00
4.595460769768999754e-02  1.000183332955136173e+00
4.624827846729000214e-02  1.000182088886614196e+00
4.654919092701000072e-02  1.000182139717577190e+00
4.685783379781999908e-02  1.000181171813141923e+00
4.717474365795999713e-02  1.000179781131372625e+00
4.750051117954000313e-02  1.000179329001331441e+00
4.783578838099000058e-02  1.000179432016956360e+00
4.818129709379000147e-02  1.000179650654385854e+00
4.853783888667000113e-02  1.000180161797422418e+00
4.890630674686999996e-02  1.000175937656984315e+00
4.928769888914000252e-02  1.000175888440972605e+00
4.968313515313999701e-02  1.000172492852084316e+00
5.009387656374000158e-02  1.000173811877676400e+00
5.052134877411999792e-02  1.000171829197202822e+00
5.096717029643999669e-02  1.000171698497609896e+00
5.143318666046999693e-02  1.000170689452720918e+00
5.192151194091999822e-02  1.000168582542931173e+00
5.243457947394999930e-02  1.000168154809518262e+00
5.297520406036999863e-02  1.000166739791392256e+00
5.354665854097000188e-02  1.000164311190077981e+00
5.415276833282999663e-02  1.000163775099732977e+00
5.479802831108000066e-02  1.000160184199453406e+00
5.548774722067000009e-02  1.000159116579912633e+00
5.622822538689999788e-02  1.000156364308845136e+00
5.702697136548000312e-02  1.000154657670437208e+00
5.789296130709999794e-02  1.000153670765039804e+00
5.883693918756999902e-02  1.000149429623470532e+00
5.987174291440999774e-02  1.000147477737691970e+00
6.101261415854000031e-02  1.000142868183911293e+00
6.227739865468000235e-02  1.000139092610181413e+00
6.368645729180000270e-02  1.000134651713669109e+00
6.526198469780999933e-02  1.000130010350462229e+00
6.702631052370999765e-02  1.000124523122761122e+00
6.899877829056999534e-02  1.000117244003912109e+00
7.119122927821999736e-02  1.000109265855686269e+00
7.360318145833999459e-02  1.000100550859984283e+00
7.621905276918999883e-02  1.000090748868436297e+00
7.900977137883999357e-02  1.000080010218480364e+00
8.193877696932000410e-02  1.000068353331386772e+00
8.496945399348000694e-02  1.000055382389761993e+00
8.807055393602999938e-02  1.000043150072124742e+00
9.121830055127999604e-02  1.000030592644541194e+00
9.439599390521999367e-02  1.000018155357513150e+00
9.759251759838000195e-02  1.000006963120442238e+00
1.008007256874999952e-01  9.999962922361662621e-01
1.040161250492999956e-01  9.999868641078641929e-01
1.072359292029999994e-01  9.999776900356516229e-01
1.104584246078999937e-01  9.999687694544089345e-01
1.136825628850999942e-01  9.999625622843625328e-01
1.169077045289999978e-01  9.999558818085709788e-01
1.201334600809999958e-01  9.999501775955231819e-01
1.233595925300000062e-01  9.999422336524433907e-01
1.265859576407999953e-01  9.999338857130668501e-01
1.298124675835999886e-01  9.999270725252104031e-01
1.330390688048999903e-01  9.999181283083684590e-01
1.362657285797999884e-01  9.999091210856417833e-01
1.394924268421000035e-01  9.998996414786325282e-01
1.427191512251000105e-01  9.998890451770573451e-01
1.459458940489999912e-01  9.998786987266381487e-01
1.491726504921999930e-01  9.998683970903101681e-01
1.523994174803000035e-01  9.998586051951759979e-01
1.556261930105999891e-01  9.998495303991683514e-01
1.588529757414000043e-01  9.998408761157887570e-01
1.620797647414000120e-01  9.998332357974932805e-01
1.653065593376999987e-01  9.998264615069165639e-01
1.685333590216999966e-01  9.998203047895711792e-01
1.717601633921000126e-01  9.998152990377225935e-01
1.749869721189999949e-01  9.998109164123623049e-01
1.782137849223000003e-01  9.998069854710354143e-01
1.814406015572999908e-01  9.998028283045076181e-01
1.846674218059999872e-01  9.997981984178593295e-01
1.878942454714999932e-01  9.997941676487426266e-01
1.911210723735000117e-01  9.997886851069355263e-01
1.943479023459999955e-01  9.997839426361397885e-01
1.975747352353000030e-01  9.997780871781842826e-01
2.008015708984000058e-01  9.997700951284090864e-01
2.040284092017999873e-01  9.997645919332713849e-01
2.072552500208000026e-01  9.997570890786313669e-01
2.104820932386000099e-01  9.997520488836000307e-01
2.137089387454000067e-01  9.997452034549682010e-01
2.169357864382999990e-01  9.997373725789552301e-01
2.201626362205000020e-01  9.997350604673820307e-01
2.233894880005999894e-01  9.997283341320790662e-01
2.266163416928000107e-01  9.997237872937454473e-01
2.298431972157999881e-01  9.997204640760610772e-01
2.330700544932000073e-01  9.997183570814588416e-01
2.362969134525000070e-01  9.997149174414646788e-01
2.395237740254000103e-01  9.997106434054237045e-01
2.427506361469999874e-01  9.997087441268387442e-01
2.459774997560000009e-01  9.997052875064381672e-01
2.492043647942999984e-01  9.997017147428322037e-01
2.524312312067000241e-01  9.996985756881958674e-01
2.556580989407999938e-01  9.996951283435392410e-01
2.588849679469000242e-01  9.996884462379191927e-01
2.621118381777999828e-01  9.996830224102701834e-01
2.653387095884000013e-01  9.996782763780290848e-01
2.685655821360999895e-01  9.996725271082310682e-01
2.717924557800999730e-01  9.996676675694864400e-01
2.750193304815000128e-01  9.996611481061599136e-01
2.782462062032999839e-01  9.996549969412535930e-01
2.814730829102999876e-01  9.996514114300374398e-01
2.846999605687999813e-01  9.996450453424539084e-01
2.879268391465999999e-01  9.996410819156718031e-01
2.911537186129999899e-01  9.996348655524717186e-01
2.943805989386000244e-01  9.996328379386546503e-01
2.976074800951999944e-01  9.996298784879181776e-01
3.008343620560999798e-01  9.996277677634092251e-01
3.040612447953999764e-01  9.996249449865927117e-01
3.072881282884999954e-01  9.996224004857883205e-01
3.105150125119000015e-01  9.996193033818400187e-01
3.137418974428000107e-01  9.996181537124149141e-01
3.169687830594999922e-01  9.996127889008151746e-01
3.201956693411999733e-01  9.996079084582858432e-01
3.234225562679000077e-01  9.996071165966181615e-01
3.266494438204000095e-01  9.996030582391572938e-01
3.298763319801999994e-01  9.996004117772160358e-01
3.331032207294999936e-01  9.995946776376120058e-01
3.363301100514999864e-01  9.995905422253238415e-01
3.395569999295000030e-01  9.995865516436914788e-01
3.427838903479999977e-01  9.995843364931589203e-01
3.460107812914999803e-01  9.995779277086829229e-01
3.492376727457000007e-01  9.995730790215642259e-01
3.524645646962999979e-01  9.995712477655459560e-01
3.556914571297999927e-01  9.995673341329626149e-01
3.589183500329999887e-01  9.995622238328513154e-01
3.621452433935000159e-01  9.995626542693922811e-01
3.653721371990000244e-01  9.995578255262947964e-01
3.685990314377999844e-01  9.995575629233930393e-01
3.718259260985999903e-01  9.995526892591869439e-01
3.750528211702999770e-01  9.995491770242970198e-01
3.782797166424999857e-01  9.995474677940017205e-01
3.815066125050000090e-01  9.995430351995256979e-01
3.847335087477999904e-01  9.995421385971536843e-01
3.879604053615999804e-01  9.995409537136025202e-01
3.911873023369000224e-01  9.995354502422553189e-01
3.944141996650000204e-01  9.995320708553836475e-01
3.976410973371999891e-01  9.995273077212258883e-01
4.008679953450999811e-01  9.995258369203313675e-01
4.040948936807999825e-01  9.995197826834376631e-01
4.073217923363000037e-01  9.995166049799865116e-01
4.105486913040999886e-01  9.995146708565179061e-01
4.137755905768999987e-01  9.995106371456873307e-01
4.170024901475999912e-01  9.995091620079850081e-01
4.202293900092000101e-01  9.995051073072260817e-01
4.234562901551000014e-01  9.995013302327651061e-01
4.266831905787999979e-01  9.994952926201819965e-01
4.299100912739999836e-01  9.994942488394324975e-01
4.331369922346999801e-01  9.994941825880303554e-01
4.363638934549999848e-01  9.994908136082996108e-01
4.395907949289999950e-01  9.994874085535514485e-01
4.428176966512999968e-01  9.994836521965902998e-01
4.460445986164000010e-01  9.994833602566213226e-01
4.492715008191000003e-01  9.994830096997157076e-01
4.524984032541999879e-01  9.994773606902264129e-01
4.557253059169000253e-01  9.994758793661187024e-01
4.589522088022000013e-01  9.994737401627225015e-01
4.621791119056000152e-01  9.994707978605562593e-01
4.654060152225000246e-01  9.994655982474620615e-01
4.686329187484000180e-01  9.994645897404023094e-01
4.718598224789999906e-01  9.994601415335125916e-01
4.750867264101999998e-01  9.994608743668752515e-01
4.783136305378999920e-01  9.994603247952440483e-01
4.815405348581000000e-01  9.994526393181619728e-01
4.847674393668999770e-01  9.994511559087252417e-01
4.879943440607000249e-01  9.994473711995567333e-01
4.912212489357000167e-01  9.994456133030005240e-01
4.944481539883999743e-01  9.994424187326126363e-01
4.976750592152999753e-01  9.994421813694136514e-01
5.009019646130999925e-01  9.994381971190974268e-01
5.041288701784000237e-01  9.994367438149671656e-01
5.073557759080999929e-01  9.994350815353215678e-01
5.105826817990000155e-01  9.994312648294253476e-01
5.138095878481000467e-01  9.994270509487122034e-01
5.170364940524000419e-01  9.994272312406189407e-01
5.202634004089999875e-01  9.994248888808148212e-01
5.234903069149999810e-01  9.994222737403709589e-01
5.267172135677999911e-01  9.994211191892682367e-01
5.299441203646000353e-01  9.994176686343120286e-01
5.331710273029000025e-01  9.994153829402473432e-01
5.363979343800000521e-01  9.994124130617576540e-01
5.396248415933999620e-01  9.994106072346216063e-01
5.428517489408000163e-01  9.994089096211981049e-01
5.460786564196999926e-01  9.994057640505308315e-01
5.493055640277999530e-01  9.994032922981064271e-01
5.525324717628999904e-01  9.994004221272406729e-01
5.557593796226999450e-01  9.993988240700737435e-01
5.589862876050000207e-01  9.993979270849013830e-01
5.622131957078000397e-01  9.993945729308398862e-01
5.654401039288999842e-01  9.993924677575618531e-01
5.686670122664000404e-01  9.993897004138503348e-01
5.718939207183000306e-01  9.993884697478551127e-01
5.751208292825999990e-01  9.993853580849566542e-01
5.783477379575000521e-01  9.993833569765246949e-01
5.815746467411000431e-01  9.993824307421224074e-01
5.848015556315999675e-01  9.993803343467154710e-01
5.880284646272999627e-01  9.993772206038804562e-01
5.912553737262999931e-01  9.993754262266232313e-01
5.944822829271000364e-01  9.993739761673887667e-01
5.977091922280000080e-01  9.993715989431500857e-01
6.009361016273000455e-01  9.993708146261238712e-01
6.041630111235000156e-01  9.993652282835470135e-01
6.073899207151000068e-01  9.993650062825486513e-01
6.106168304004000458e-01  9.993623275152868635e-01
6.138437401780999503e-01  9.993616240781723059e-01
6.170706500467000311e-01  9.993618354597366693e-01
6.202975600047000437e-01  9.993591717486037806e-01
6.235244700508000282e-01  9.993577574802277041e-01
6.267513801835999931e-01  9.993550652466124395e-01
6.299782904016999474e-01  9.993513433760241593e-01
6.332052007039999930e-01  9.993485011493237202e-01
6.364321110888999655e-01  9.993454148646027102e-01
6.396590215555000292e-01  9.993455082320064076e-01
6.428859321022000195e-01  9.993425594964195913e-01
6.461128427280999897e-01  9.993412020946096375e-01
6.493397534318999798e-01  9.993389336911887577e-01
6.525666642123999495e-01  9.993369095059465579e-01
6.557935750686000320e-01  9.993352638986797709e-01
6.590204859992000452e-01  9.993319104982020251e-01
6.622473970032000112e-01  9.993307420082567782e-01
6.654743080795999521e-01  9.993269164384938064e-01
6.687012192272000499e-01  9.993276561305338701e-01
6.719281304451000247e-01  9.993255325059310357e-01
6.751550417321999786e-01  9.993233123152412967e-01
6.783819530875999648e-01  9.993215195841267384e-01
6.816088645103000054e-01  9.993200910457161745e-01
6.848357759991999805e-01  9.993173330164908386e-01
6.880626875536000053e-01  9.993143242054182140e-01
6.912895991724999911e-01  9.993146855091702419e-01
6.945165108548999600e-01  9.993130919745933927e-01
6.977434225999999962e-01  9.993097606777051611e-01
7.009703344069999620e-01  9.993083221242810010e-01
7.041972462748999906e-01  9.993070748161304584e-01
7.074241582029000552e-01  9.993056895264152972e-01
7.106510701903000493e-01  9.993030377053176982e-01
7.138779822360999949e-01  9.993015700984375638e-01
7.171048943397000386e-01  9.992995949926734012e-01
7.203318065002000115e-01  9.992987754393277688e-01
7.235587187169000289e-01  9.992951480738980763e-01
7.267856309889999533e-01  9.992941584707674130e-01
7.300125433158000110e-01  9.992930470764108675e-01
7.332394556965999843e-01  9.992914153108913844e-01
7.364663681305999576e-01  9.992901698851111014e-01
7.396932806171000463e-01  9.992871619334078304e-01
7.429201931555999838e-01  9.992853621338450010e-01
7.461471057452000455e-01  9.992835693223282023e-01
7.493740183853999648e-01  9.992813655165847520e-01
7.526009310754000481e-01  9.992823397692930376e-01
7.558278438147000289e-01  9.992783997801869544e-01
8.254802387356999782e-01  9.992388235307314570e-01
9.260319390536000395e-01  9.991956347349574274e-01
1.085583268568000026e+00  9.991303752196976085e-01
1.338471445975000007e+00  9.990389681456990356e-01
1.682644492861000041e+00  9.989482487015548529e-01
2.118281574132999889e+00  9.988515223696016188e-01
2.666758357787000211e+00  9.987497680643347975e-01
3.357249863663000156e+00  9.986367802827311735e-01
4.226527167108000249e+00  9.985676323903750484e-01
5.320882454310999599e+00  9.983882652828024451e-01
6.698594134900999642e+00  9.982040911467254807e-01
8.433030379723000181e+00  9.979639225929359814e-01
1.061655624345999982e+01  9.975911066660944071e-01
1.336545244064000038e+01  9.969719109877965835e-01
1.682610771765000024e+01  9.960651651481492452e-01
2.118281458733000022e+01  9.945292403563084083e-01
2.666758357731999851e+01  9.918973500670208443e-01
3.357249863663000156e+01  9.878916218335422883e-01
4.226527167108000071e+01  9.808394391488216568e-01
5.320882454310999776e+01  9.703634895627085699e-01
6.698594134901000530e+01  9.522975134648261619e-01
8.433030379723000181e+01  9.235002091271733438e-01
1.061655624346000053e+02  8.788737433277516997e-01
1.336545244063999860e+02  8.097126270628899336e-01
1.682610771765000095e+02  7.179056589716579229e-01
2.118281458733000022e+02  6.064857160528470681e-01
2.666758357731999922e+02  4.649015325998526182e-01
3.357249863663000156e+02  3.277670705728657485e-01
4.226527167108000071e+02  2.095490167508500812e-01
5.320882454310999492e+02  1.162424636552134155e-01
6.698594134900999961e+02  6.065802923711192812e-02
8.433030379722999896e+02  3.080050462437636596e-02
1.061655624345999968e+03  1.386409982973219913e-02
1.336545244063999917e+03  6.101640727614952853e-03
1.682610771764999981e+03  2.767473712775318263e-03
