2.342383224858000091e-05  9.996157818813912188e-01
3.640294116264999961e-05  9.996157725146072037e-01
4.946310321863999903e-05  9.996157517356576427e-01
6.264011165448999871e-05  9.996157415010765712e-01
7.597066842201999684e-05  9.996157247353154585e-01
8.949271629993000438e-05  9.996157051184136888e-01
1.032457858246000037e-04  9.996156907690079141e-01
1.172713615228000006e-04  9.996156481731993670e-01
1.316132719634000036e-04  9.996156464057953661e-01
1.463181081527999930e-04  9.996155981174459360e-01
1.614356747284999890e-04  9.996155897992291539e-01
1.770194782216000088e-04  9.996155594136872935e-01
1.931272562606000027e-04  9.996155162057730470e-01
2.098215508982999961e-04  9.996154734449704815e-01
2.271703281034000079e-04  9.996154235843236480e-01
2.452476437013999949e-04  9.996153612945253286e-01
2.641343534441999760e-04  9.996153082540667478e-01
2.839188611413000067e-04  9.996152377747296036e-01
3.046978935573000247e-04  9.996151605190757294e-01
3.265772836755000152e-04  9.996150764859962345e-01
3.496727345165000136e-04  9.996149722116941527e-01
3.741105236060999735e-04  9.996148612443385151e-01
4.000280931584000201e-04  9.996147168189054577e-01
4.275744531245000081e-04  9.996145798957837281e-01
4.569103040796999925e-04  9.996144104087510973e-01
4.882077659753000028e-04  9.996142270403596264e-01
5.216495798560000273e-04  9.996139837565102271e-01
5.574276371878999787e-04  9.996137554313242468e-01
5.957406917264999576e-04  9.996134596150006990e-01
6.367911296903999620e-04  9.996131261236177457e-01
6.807807235973999593e-04  9.996127445862074135e-01
7.279053797972000282e-04  9.996123050567625734e-01
7.783490105277000339e-04  9.996117948548274290e-01
8.322768099734000492e-04  9.996112009669894105e-01
8.898283698724000204e-04  9.996105484246431416e-01
9.511112013454000235e-04  9.996097845338139942e-01
1.016195297281999917e-03  9.996089198018165423e-01
1.085109340373999936e-03  9.996079202793154428e-01
1.157839021274000057e-03  9.996067869781689597e-01
1.234327694165999979e-03  9.996055241607274544e-01
1.314479307884000104e-03  9.996041169908278512e-01
1.398163271760999998e-03  9.996050452101444828e-01
1.485220706482999909e-03  9.996070250795181522e-01
1.575471429071000030e-03  9.996087633027271879e-01
1.668721033758000048e-03  9.996103286438187130e-01
1.764767534220000036e-03  9.996117175400889288e-01
1.863407188456000022e-03  9.996129737787748937e-01
1.964439295112000057e-03  9.996140956681047740e-01
2.067669898242000155e-03  9.996151158336138431e-01
2.172914449330000039e-03  9.996160742391926313e-01
2.279999546575000105e-03  9.996169502632125115e-01
2.388763906456000015e-03  9.996177743070562283e-01
2.499058730227000143e-03  9.996185403424681093e-01
2.610747617666000012e-03  9.996192702111492689e-01
2.723706160372999820e-03  9.996199691117878539e-01
2.837821323111000115e-03  9.996206545084979078e-01
2.952990698191999830e-03  9.996212742579760890e-01
3.069121696708000061e-03  9.996219041337998101e-01
3.186130722674999829e-03  9.996224993307454287e-01
3.303942361861999816e-03  9.996230714589791067e-01
3.422488606089999809e-03  9.996235507105585283e-01
3.541708125568999825e-03  9.996240554542175083e-01
3.661545595892999865e-03  9.996245075199116092e-01
3.781951082161999836e-03  9.996248944715270257e-01
3.902879479863999822e-03  9.996251454560881600e-01
4.024290010363000200e-03  9.996253118624583989e-01
4.146145767717999801e-03  9.996253429063827189e-01
4.268413312998000329e-03  9.996252458239403005e-01
4.391062311997999748e-03  9.996248569369478032e-01
4.514065212286999876e-03  9.996245702486056262e-01
4.637396955639999652e-03  9.996239247839964204e-01
4.761034722140999702e-03  9.996229294359787465e-01
4.884957702552999818e-03  9.996219726061998934e-01
5.009146895796999857e-03  9.996205633313505201e-01
5.133584928750999782e-03  9.996204190388080502e-01
5.258255895798999956e-03  9.996187688338090682e-01
5.383145215889000024e-03  9.996161421547608006e-01
5.508239505083999642e-03  9.996153486450096715e-01
5.633526462813999609e-03  9.996122980774185818e-01
5.758994770269000411e-03  9.996116378656365598e-01
5.884633999523000182e-03  9.996101731496261911e-01
6.010434532177999847e-03  9.996082158159771414e-01
6.136387486441000419e-03  9.996052475624285227e-01
6.262484651677000143e-03  9.996036753258612517e-01
6.388718429602999703e-03  9.996010902417324928e-01
6.515081781392999608e-03  9.995990943829288211e-01
6.641568180019000178e-03  9.995965237596537989e-01
6.768171567278999726e-03  9.995945496620082249e-01
6.894886314991999741e-03  9.995926469280788096e-01
7.021707189908000211e-03  9.995905835182784527e-01
7.148629321952999945e-03  9.995883257756722484e-01
7.275648175441000280e-03  9.995863306350111221e-01
7.402759522953999624e-03  9.995844291181562591e-01
7.529959421616000056e-03  9.995827019290939308e-01
7.657244191509000181e-03  9.995809908063423288e-01
7.784610396017000410e-03  9.995793483277338742e-01
7.912054823915999624e-03  9.995779882858613075e-01
8.039574473022999962e-03  9.995766652188179391e-01
8.167166535255000054e-03  9.995756236842835429e-01
8.294828382970000080e-03  9.995746004687527941e-01
8.422557556464000533e-03  9.995738455910260223e-01
8.550351752505000458e-03  9.995732946597651880e-01
8.678208813818000592e-03  9.995728684434136424e-01
8.806126719437000483e-03  9.995726388848891197e-01
8.934103575828000396e-03  9.995725606992874601e-01
9.062137608725999785e-03  9.995727834082523966e-01
9.190227155626999600e-03  9.995731328783888925e-01
9.318370658856000438e-03  9.995736198866015387e-01
9.446566659187000115e-03  9.995741668185129658e-01
9.574813789948000836e-03  9.995753713615768143e-01
9.703110771574999238e-03  9.995763288114505318e-01
9.831456406583000476e-03  9.995777249926277586e-01
9.959849574911999737e-03  9.995791703884641111e-01
1.008828922962000038e-02  9.995808474855040204e-01
1.021677439288000075e-02  9.995827783553263846e-01
1.034530415231999997e-02  9.995847396086957604e-01
1.047387765753999937e-02  9.995869567491078023e-01
1.060249411698999979e-02  9.995894025234104419e-01
1.073115279497000030e-02  9.995920355709277949e-01
1.085985300891999933e-02  9.995949010858258266e-01
1.098859412686999971e-02  9.995978852163994732e-01
1.111737556503999969e-02  9.996009958626322911e-01
1.124619678569999982e-02  9.996044295153301285e-01
1.137505729509000023e-02  9.996079840795846216e-01
1.150395664151000058e-02  9.996115782832550867e-01
1.163289441357999963e-02  9.996154441354616615e-01
1.176187023856999948e-02  9.996194699567721997e-01
1.189088378088999989e-02  9.996234836519984901e-01
1.201993474065999983e-02  9.996274977654586724e-01
1.214902285236999988e-02  9.996318024335125729e-01
1.227814788368000037e-02  9.996361587894834200e-01
1.240730963426999942e-02  9.996404333182710156e-01
1.253650793475000018e-02  9.996449579823738496e-01
1.266574264572000071e-02  9.996491774542847208e-01
1.279501365679000004e-02  9.996537379162585557e-01
1.292432088580999956e-02  9.996579903181004312e-01
1.305366427804000029e-02  9.996623650826655938e-01
1.318304380540000036e-02  9.996668026723418699e-01
1.331245946586000033e-02  9.996714293490491787e-01
1.344191128276999922e-02  9.996754023149767576e-01
1.357139930431000042e-02  9.996796043093907347e-01
1.370092360295999991e-02  9.996838181853384686e-01
1.383048427502999930e-02  9.996878672601077209e-01
1.396008144020999958e-02  9.996919426580351820e-01
1.408971524116999982e-02  9.996959488285814821e-01
1.421938584320000046e-02  9.996998941274228834e-01
1.434909343391000021e-02  9.997038350241788107e-01
1.447883822286999932e-02  9.997077440031129081e-01
1.460862044142999944e-02  9.997112370271936665e-01
1.473844034242000056e-02  9.997152368214942131e-01
1.486829819999999948e-02  9.997185159026678036e-01
1.499819430946000044e-02  9.997222864816570631e-01
1.512812898708000044e-02  9.997257334806094464e-01
1.525810256999999941e-02  9.997291960804208788e-01
1.538811541615000070e-02  9.997326681420658501e-01
1.551816790415999972e-02  9.997359643321284128e-01
1.564826043330000069e-02  9.997393129749519991e-01
1.577839342347000032e-02  9.997426419551014298e-01
1.590856731519999998e-02  9.997459179464120993e-01
1.603878256964999874e-02  9.997491180884143791e-01
1.616903966867000095e-02  9.997523471898166481e-01
1.629933911482000022e-02  9.997554920583801019e-01
1.642968143147999910e-02  9.997586045647863795e-01
1.656006716292000164e-02  9.997619642130800566e-01
1.669049687443999869e-02  9.997649578691115702e-01
1.682097115248000138e-02  9.997680237464031672e-01
1.695149060475999864e-02  9.997711421223018924e-01
1.708205586046999958e-02  9.997741401153243945e-01
1.721266757045000068e-02  9.997771774621719842e-01
1.734332640738999939e-02  9.997803690070988791e-01
1.747403306603000084e-02  9.997834318279771315e-01
1.760478826342000078e-02  9.997865837345742968e-01
1.773559273917000093e-02  9.997898232583987133e-01
1.786644725567999858e-02  9.997926351791226462e-01
1.799735259847999938e-02  9.997957657124354469e-01
1.812830957651000163e-02  9.997987858877757095e-01
1.825931902242999838e-02  9.998021075352213627e-01
1.839038179295000158e-02  9.998046243602513039e-01
1.852149876919999966e-02  9.998081094101261002e-01
1.865267085708999933e-02  9.998112999211951069e-01
1.878389898771000086e-02  9.998139876961378292e-01
1.891518411770999955e-02  9.998174590152213437e-01
1.904652722971000162e-02  9.998207945258140716e-01
1.917792933279000023e-02  9.998237955015716327e-01
1.930939146290000172e-02  9.998272452744929595e-01
1.944091468333000033e-02  9.998305869363495191e-01
1.957250008522999976e-02  9.998335338824215768e-01
1.970414878810999859e-02  9.998363590330522355e-01
1.983586194034999903e-02  9.998396824547868267e-01
1.996764071975999991e-02  9.998433497467819064e-01
2.009948633417000044e-02  9.998459340977099430e-01
2.023140002195999987e-02  9.998492572433270720e-01
2.036338305272000077e-02  9.998525910400741790e-01
2.049543672785000131e-02  9.998552765681369969e-01
2.062756238121999861e-02  9.998586423744384444e-01
2.075976137981999994e-02  9.998622372097298872e-01
2.089203512447000005e-02  9.998647855667391893e-01
2.102438505055000129e-02  9.998680455243809106e-01
2.115681262868000095e-02  9.998706019582569438e-01
2.128931936555000098e-02  9.998736891249234704e-01
2.142190680465000038e-02  9.998762334516073658e-01
2.155457652711000038e-02  9.998789678847491702e-01
2.168733015253000024e-02  9.998820452608900844e-01
2.182016933984999921e-02  9.998843311280315449e-01
2.195309578820000065e-02  9.998867600897648478e-01
2.208611123789000139e-02  9.998901168579863441e-01
2.221921747127000163e-02  9.998915986674470346e-01
2.235241631377999846e-02  9.998951600991282662e-01
2.248570963490000019e-02  9.998972895275524131e-01
2.261909934924000165e-02  9.998995133352509557e-01
2.275258741756000166e-02  9.999020434338161678e-01
2.288617584791000081e-02  9.999044614589582824e-01
2.301986669673000002e-02  9.999067085462919335e-01
2.315366207007000035e-02  9.999088031026925893e-01
2.328756412477999901e-02  9.999107718622443075e-01
2.342157506972999959e-02  9.999132334438951553e-01
2.355569716714999914e-02  9.999153687784014810e-01
2.368993273390999910e-02  9.999171957907462271e-01
2.382428414292999883e-02  9.999194752434128475e-01
2.395875382456999839e-02  9.999210843603307808e-01
2.409334426806999940e-02  9.999235112750194387e-01
2.422805802313000162e-02  9.999248135108480540e-01
2.436289770137000169e-02  9.999268267450023284e-01
2.449786597800999999e-02  9.999291286722705729e-01
2.463296559345999961e-02  9.999314592478911745e-01
2.476819935509999918e-02  9.999333718905564217e-01
2.490357013898000099e-02  9.999352132190190146e-01
2.503908089169000137e-02  9.999369507069865159e-01
2.517473463221999927e-02  9.999390997438882822e-01
2.531053445392000140e-02  9.999409688972791255e-01
2.544648352648000086e-02  9.999420280430090235e-01
2.558258509805000011e-02  9.999439971943508976e-01
2.571884249735000016e-02  9.999469796342014272e-01
2.585525913594000080e-02  9.999483329269884813e-01
2.599183851043999904e-02  9.999503249518630899e-01
2.612858420496999914e-02  9.999520437858350208e-01
2.626549989357999937e-02  9.999541515199569242e-01
2.640258934280000080e-02  9.999559768401659055e-01
2.653985641424999944e-02  9.999574763774332631e-01
2.667730506737000032e-02  9.999592624433166765e-01
2.681493936227000163e-02  9.999611789200627543e-01
2.695276346257999972e-02  9.999621985788895717e-01
2.709078163853999993e-02  9.999650282377492427e-01
2.722899827008999976e-02  9.999660329697968031e-01
2.736741785012000022e-02  9.999679649034971529e-01
2.750604498782999868e-02  9.999703988288880518e-01
2.764488441224999954e-02  9.999715273300562313e-01
2.778394097579000091e-02  9.999730270230174911e-01
2.792321965804999903e-02  9.999752491885374184e-01
2.806272556965999990e-02  9.999763306307276611e-01
2.820246395635999867e-02  9.999783403940838422e-01
2.834244020315000029e-02  9.999794874703062941e-01
2.848265983865999953e-02  9.999813970290530873e-01
2.862312853968999871e-02  9.999837836611360498e-01
2.876385213585000086e-02  9.999859567271106586e-01
2.890483661449000027e-02  9.999844246204796505e-01
2.904608812573000048e-02  9.999872217127832030e-01
2.918761298777999835e-02  9.999885938681432052e-01
2.932941769235999918e-02  9.999913028962454931e-01
2.947150891046999843e-02  9.999921498934652986e-01
2.961389349828999831e-02  9.999917997915312995e-01
2.975657850340000105e-02  9.999925919067719216e-01
2.989957117115999916e-02  9.999953507384878870e-01
3.004287895146999857e-02  9.999961848013463328e-01
3.018650950576999906e-02  9.999977857306118212e-01
3.033047071426999905e-02  9.999993480907546362e-01
3.047477068361000019e-02  1.000000812750977186e+00
3.061941775476999944e-02  1.000001481512396539e+00
3.076442051133999878e-02  1.000003204002926527e+00
3.090978778818000150e-02  1.000004750242186047e+00
3.105552868042000050e-02  1.000006653127146983e+00
3.120165255293000026e-02  1.000006443012179114e+00
3.134816905011000160e-02  1.000008914300546614e+00
3.149508810628000310e-02  1.000008914608345956e+00
3.164241995637000204e-02  1.000008293353382705e+00
3.179017514730000243e-02  1.000010424339151438e+00
3.193836454968999872e-02  1.000014414821944531e+00
3.208699937029999699e-02  1.000012710627151025e+00
3.223609116495999849e-02  1.000014332738748291e+00
3.238565185218000159e-02  1.000016318293952322e+00
3.253569372737000198e-02  1.000018735396791980e+00
3.268622947779999816e-02  1.000018177189255342e+00
3.283727219829000316e-02  1.000019493454632036e+00
3.298883540770999878e-02  1.000021898921733765e+00
3.314093306627000080e-02  1.000021718059033393e+00
3.329357959372999942e-02  1.000022475700661495e+00
3.344678988854000307e-02  1.000025703290615242e+00
3.360057934801000123e-02  1.000025986895152652e+00
3.375496388944999870e-02  1.000027866944811050e+00
3.390995997259999700e-02  1.000026810031817925e+00
3.406558462312000296e-02  1.000028556127195767e+00
3.422185545739000329e-02  1.000030227466721655e+00
3.437879070879999721e-02  1.000030028250090908e+00
3.453640925529000150e-02  1.000031305231240175e+00
3.469473064866000073e-02  1.000032747963615742e+00
3.485377514540000110e-02  1.000032388047276122e+00
3.501356373932999755e-02  1.000032807678066460e+00
3.517411819620999691e-02  1.000035781338509677e+00
3.533546109027999732e-02  1.000037827385287903e+00
3.549761584306999895e-02  1.000036659192389488e+00
3.566060676450000244e-02  1.000039029630010123e+00
3.582445909652000327e-02  1.000037372267440050e+00
3.598919905939999830e-02  1.000040967398061698e+00
3.615485390097000068e-02  1.000040856258157307e+00
3.632145194893000167e-02  1.000042504937451948e+00
3.648902266655999760e-02  1.000044003769849699e+00
3.665759671198000336e-02  1.000043881777977539e+00
3.682720600137000255e-02  1.000044953467088105e+00
3.699788377636999831e-02  1.000044433349233763e+00
3.716966467597999924e-02  1.000046054030307330e+00
3.734258481346999781e-02  1.000046537853291673e+00
3.751668185853000020e-02  1.000049261891763575e+00
3.769199512522000001e-02  1.000048546613364397e+00
3.786856566615000308e-02  1.000050636356516920e+00
3.804643637352000257e-02  1.000050844499279501e+00
3.822565208742000065e-02  1.000052816795462318e+00
3.840625971231999974e-02  1.000053006307527248e+00
3.858830834218000133e-02  1.000054516126234416e+00
3.877184939520000179e-02  1.000053119916620048e+00
3.895693675898000141e-02  1.000055256195020226e+00
3.914362694707999857e-02  1.000055293296487458e+00
3.933197926808999767e-02  1.000056183997723558e+00
3.952205600837999794e-02  1.000055953810717657e+00
3.971392262995999956e-02  1.000057323468561243e+00
3.990764798477999808e-02  1.000058344185068337e+00
4.010330454730000327e-02  1.000058788491279271e+00
4.030096866716000037e-02  1.000059974190379952e+00
4.050072084397000199e-02  1.000060592561738293e+00
4.070264602668000053e-02  1.000061328743117484e+00
4.090683394006999762e-02  1.000062128253813576e+00
4.111337944146999795e-02  1.000063322658154119e+00
4.132238291094000177e-02  1.000064228027703450e+00
4.153395067879000341e-02  1.000064445213606046e+00
4.174819549479000247e-02  1.000065214175863471e+00
4.196523704383999659e-02  1.000064981362671190e+00
4.218520251385000225e-02  1.000065116059322357e+00
4.240822722207999995e-02  1.000066224820463479e+00
4.263445530722000110e-02  1.000067812892868613e+00
4.286404049564999930e-02  1.000065974038059746e+00
4.309714695136000057e-02  1.000070261412198791e+00
4.333395022059999963e-02  1.000068773357521090e+00
4.357463828414000206e-02  1.000070712055255884e+00
4.381941273165999851e-02  1.000070943905996268e+00
4.406849007573999943e-02  1.000071440429882719e+00
4.432210322519000018e-02  1.000071318389645025e+00
4.458050314121000252e-02  1.000071743433631255e+00
4.484396070371000215e-02  1.000070639410799878e+00
4.511276881993000337e-02  1.000072275136802746e+00
4.538724481342999717e-02  1.000073492384973450e+00
4.566773313821000102e-02  1.000072696329868505e+00
4.595460847147000288e-02  1.000073183311395164e+00
4.624827924851999950e-02  1.000073675821365082e+00
4.654919171603000283e-02  1.000076430277668127e+00
4.685783459496999787e-02  1.000076073150322209e+00
4.717474446363000007e-02  1.000074353742911759e+00
4.750051199415999958e-02  1.000074781812111846e+00
4.783578920501999759e-02  1.000076440454495952e+00
4.818129792774000081e-02  1.000077443737911409e+00
4.853783973109999927e-02  1.000080830777906771e+00
4.890630760240000097e-02  1.000078042575479165e+00
4.928769975647000201e-02  1.000079472598460528e+00
4.968313603305000298e-02  1.000076162418339409e+00
5.009387745707000184e-02  1.000077680948606718e+00
5.052134968185000019e-02  1.000077775743686503e+00
5.096717121965999714e-02  1.000079101905722245e+00
5.143318760040999776e-02  1.000078274237903742e+00
5.192151289900000244e-02  1.000077285648365066e+00
5.243458045176999788e-02  1.000078399479411129e+00
5.297520505978999678e-02  1.000078173340741783e+00
5.354665956413000305e-02  1.000076262181557540e+00
5.415276938221000314e-02  1.000077216673969982e+00
5.479802938960000314e-02  1.000075919717960948e+00
5.548774833173999999e-02  1.000075862476482946e+00
5.622822653455999964e-02  1.000075476826924437e+00
5.702697255452000152e-02  1.000074242633955723e+00
5.789296254319999807e-02  1.000070977787950177e+00
5.883694047752999895e-02  1.000071513409883872e+00
5.987174426626999668e-02  1.000070643461729025e+00
6.101261558180000322e-02  1.000067879170955187e+00
6.227740016035000076e-02  1.000065466793315760e+00
6.368645889229999912e-02  1.000062727418887798e+00
6.526198640645999860e-02  1.000059719458668672e+00
6.702631235353999350e-02  1.000055834764485896e+00
6.899878025243999513e-02  1.000051202686973895e+00
7.119123137827999825e-02  1.000045972949334061e+00
7.360318369576999975e-02  1.000040294013913700e+00
7.621905513563000112e-02  1.000034754550381599e+00
7.900977386013000037e-02  1.000029179705742122e+00
8.193877954900999350e-02  1.000023463360209419e+00
8.496945665617000598e-02  1.000017314978062455e+00
8.807055666926999482e-02  1.000013064682019337e+00
9.121830334597000323e-02  1.000008904744567495e+00
9.439599675514999400e-02  1.000004498781201123e+00
9.759252049948999308e-02  1.000001465226450170e+00
1.008007286371999933e-01  9.999982289513968947e-01
1.040161280460999982e-01  9.999944582147740624e-01
1.072359322456999942e-01  9.999903641266155718e-01
1.104584276960000055e-01  9.999868771077301544e-01
1.136825660181999958e-01  9.999812539896070218e-01
1.169077077068999965e-01  9.999764359330530761e-01
1.201334633036000021e-01  9.999709356579242758e-01
1.233595957972000029e-01  9.999639745302733029e-01
1.265859609524999929e-01  9.999563088720554438e-01
1.298124709396999976e-01  9.999499717440010205e-01
1.330390722055999897e-01  9.999433412111221608e-01
1.362657320248999993e-01  9.999362479055016184e-01
1.394924303317000014e-01  9.999292908912048583e-01
1.427191547590999920e-01  9.999232429266377009e-01
1.459458976274000119e-01  9.999175020188485474e-01
1.491726541151000007e-01  9.999128098286886868e-01
1.523994211476999983e-01  9.999082095264322234e-01
1.556261967223999954e-01  9.999043566708665232e-01
1.588529794975999943e-01  9.999018970203099599e-01
1.620797685420999890e-01  9.998980891493193246e-01
1.653065631827999871e-01  9.998952371431492070e-01
1.685333629112999998e-01  9.998925173844088743e-01
1.717601673260999995e-01  9.998901900177666890e-01
1.749869760973999933e-01  9.998866215209630814e-01
1.782137889451000101e-01  9.998825087532944300e-01
1.814406056245999876e-01  9.998792832099417938e-01
1.846674259177999988e-01  9.998748271105125651e-01
1.878942496276999885e-01  9.998702601424616088e-01
1.911210765740999906e-01  9.998654212349101789e-01
1.943479065910999892e-01  9.998605548346944927e-01
1.975747395248000082e-01  9.998561357789672588e-01
2.008015752322999947e-01  9.998516867148533604e-01
2.040284135800999876e-01  9.998484756020761255e-01
2.072552544435999899e-01  9.998439659289092285e-01
2.104820977058000087e-01  9.998410345398089927e-01
2.137089432570999925e-01  9.998387423323251699e-01
2.169357909944999996e-01  9.998359463322641361e-01
2.201626408210000108e-01  9.998339038768252474e-01
2.233894926456000130e-01  9.998318263460634903e-01
2.266163463821999902e-01  9.998302116171201570e-01
2.298432019497000101e-01  9.998272942542311137e-01
2.330700592715000130e-01  9.998273534453104849e-01
2.362969182752999997e-01  9.998250779116367726e-01
2.395237788925999867e-01  9.998223384462711083e-01
2.427506410586000030e-01  9.998191394335043114e-01
2.459775047121000036e-01  9.998184480807577046e-01
2.492043697948000125e-01  9.998153014176981435e-01
2.524312362516000219e-01  9.998107463272052353e-01
2.556581040302000063e-01  9.998091666897429564e-01
2.588849730807000205e-01  9.998049655001310931e-01
2.621118433560000183e-01  9.997977869744956170e-01
2.653387148110999960e-01  9.997962816179356560e-01
2.685655874032000234e-01  9.997914026896057571e-01
2.717924610915999906e-01  9.997862292578670873e-01
2.750193358374000141e-01  9.997822596716133825e-01
2.782462116036999999e-01  9.997777778652491287e-01
2.814730883552000185e-01  9.997778668238201938e-01
2.846999660580999958e-01  9.997741415166948586e-01
2.879268446802999981e-01  9.997704008810743836e-01
2.911537241911000273e-01  9.997699064959866266e-01
2.943806045610999900e-01  9.997681571892842456e-01
2.976074857621999747e-01  9.997667600994994963e-01
3.008343677674999994e-01  9.997649215958140934e-01
3.040612505513000108e-01  9.997623404964129934e-01
3.072881340888999890e-01  9.997607280277163166e-01
3.105150183566999789e-01  9.997588493795882547e-01
3.137419033320000272e-01  9.997564577039498301e-01
3.169687889930999924e-01  9.997537323658152175e-01
3.201956753192999883e-01  9.997510112724606879e-01
3.234225622904000064e-01  9.997479125923791621e-01
3.266494498872999919e-01  9.997448609158621213e-01
3.298763380915999965e-01  9.997415805636284958e-01
3.331032268854000056e-01  9.997383411075001503e-01
3.363301162517000065e-01  9.997348560931272887e-01
3.395570061741999823e-01  9.997315258207718491e-01
3.427838966371000162e-01  9.997282212514808641e-01
3.460107876251000136e-01  9.997269548019168672e-01
3.492376791237000178e-01  9.997245804532178814e-01
3.524645711186999986e-01  9.997215745504285378e-01
3.556914635965999771e-01  9.997179731494411081e-01
3.589183565444000190e-01  9.997178771862841318e-01
3.621452499492999744e-01  9.997154396641110274e-01
3.653721437992000221e-01  9.997131494423590059e-01
3.685990380824000212e-01  9.997128420316723219e-01
3.718259327876000109e-01  9.997100952467011803e-01
3.750528279038000123e-01  9.997076429351764437e-01
3.782797234204999803e-01  9.997052067697075328e-01
3.815066193273999873e-01  9.997027201850414713e-01
3.847335156146000079e-01  9.997011680201643991e-01
3.879604122727999815e-01  9.996977203606317586e-01
3.911873092925999829e-01  9.996953779369232018e-01
3.944142066651000200e-01  9.996929975135866453e-01
3.976411043816999724e-01  9.996912962031559990e-01
4.008680024340999792e-01  9.996887195978203522e-01
4.040949008142000198e-01  9.996849964118712517e-01
4.073217995142000003e-01  9.996821831316731188e-01
4.105486985264000244e-01  9.996810974001915095e-01
4.137755978436000182e-01  9.996787889189485687e-01
4.170024974586999944e-01  9.996753370868166622e-01
4.202293973647999725e-01  9.996731408153823883e-01
4.234562975551000030e-01  9.996706887843835876e-01
4.266831980233000143e-01  9.996704619941771952e-01
4.299100987628999837e-01  9.996684681950412932e-01
4.331369997680999950e-01  9.996668848253899009e-01
4.363639010327999834e-01  9.996629732618581565e-01
4.395908025511999773e-01  9.996622027396644405e-01
4.428177043179000183e-01  9.996595359753991383e-01
4.460446063274999817e-01  9.996574584376181072e-01
4.492715085746000203e-01  9.996565619388091406e-01
4.524984110542000226e-01  9.996531764216930460e-01
4.557253137612999883e-01  9.996516563657673604e-01
4.589522166910999790e-01  9.996500984081850838e-01
4.621791198388999766e-01  9.996488355119105274e-01
4.654060232002000252e-01  9.996450208843465912e-01
4.686329267705000023e-01  9.996445262360572626e-01
4.718598305455999897e-01  9.996419431110722398e-01
4.750867345211999826e-01  9.996396823759344796e-01
4.783136386933000139e-01  9.996381755361191113e-01
4.815405430579000057e-01  9.996347382388878211e-01
4.847674476111999975e-01  9.996333615519185090e-01
4.879943523493999735e-01  9.996305044310425103e-01
4.912212572688999801e-01  9.996295845969560556e-01
4.944481623659999769e-01  9.996292726743088997e-01
4.976750676373999926e-01  9.996262755741940342e-01
5.009019730796000491e-01  9.996245183252112643e-01
5.041288786894000395e-01  9.996219163711272948e-01
5.073557844635000480e-01  9.996217629712988995e-01
5.105826903987999987e-01  9.996197560408508487e-01
5.138095964922999581e-01  9.996161972925129424e-01
5.170365027409999925e-01  9.996137703354245341e-01
5.202634091421000084e-01  9.996145612376863276e-01
5.234903156925999612e-01  9.996119482048637650e-01
5.267172223898000105e-01  9.996110943005090954e-01
5.299441292311000140e-01  9.996083130132226158e-01
5.331710362136999892e-01  9.996067276080591313e-01
5.363979433352999981e-01  9.996041869297923599e-01
5.396248505931999784e-01  9.996042099821375038e-01
5.428517579849999608e-01  9.996016743194773291e-01
5.460786655082999763e-01  9.996001524946369621e-01
5.493055731607999759e-01  9.995978218794037140e-01
5.525324809403000526e-01  9.995951893596254356e-01
5.557593888445999664e-01  9.995938160617984236e-01
5.589862968712999702e-01  9.995930423473016191e-01
5.622132050185000285e-01  9.995903048589511730e-01
5.654401132841000432e-01  9.995886704667670264e-01
5.686670216660999477e-01  9.995873608405329014e-01
5.718939301623999771e-01  9.995867430004461429e-01
5.751208387710999848e-01  9.995834117925216367e-01
5.783477474904999971e-01  9.995814378911493936e-01
5.815746563185000273e-01  9.995802045739857755e-01
5.848015652533999909e-01  9.995788665960835262e-01
5.880284742935000253e-01  9.995774354027192610e-01
5.912553834370000150e-01  9.995753035640678741e-01
5.944822926821999864e-01  9.995739873753120008e-01
5.977092020276000284e-01  9.995725822449629261e-01
6.009361114712999941e-01  9.995718884628308487e-01
6.041630210120000344e-01  9.995683148563101472e-01
6.073899306479000337e-01  9.995670734989811068e-01
6.106168403777000320e-01  9.995648532173345702e-01
6.138437501999000068e-01  9.995654623348037005e-01
6.170706601129000157e-01  9.995655409904592448e-01
6.202975701152999566e-01  9.995633022684240476e-01
6.235244802057999802e-01  9.995616384832434198e-01
6.267513903831000155e-01  9.995603543416599068e-01
6.299783006457000401e-01  9.995562211854004397e-01
6.332052109922999827e-01  9.995541445348895548e-01
6.364321214217000255e-01  9.995527868131536264e-01
6.396590319327000174e-01  9.995493084637383507e-01
6.428859425238999670e-01  9.995495163455051513e-01
6.461128531941999764e-01  9.995486896580387803e-01
6.493397639424000056e-01  9.995475968559538460e-01
6.525666747674000456e-01  9.995440392041958777e-01
6.557935856679999453e-01  9.995435335913703812e-01
6.590204966429999978e-01  9.995405357573766691e-01
6.622474076915000341e-01  9.995404676214377782e-01
6.654743188123000142e-01  9.995394713778068541e-01
6.687012300043000401e-01  9.995369730495614613e-01
6.719281412666999742e-01  9.995366240085002962e-01
6.751550525981999673e-01  9.995334841491202438e-01
6.783819639979999927e-01  9.995339928030192445e-01
6.816088754650999615e-01  9.995294218768099315e-01
6.848357869986000379e-01  9.995263142024775060e-01
6.880626985973999910e-01  9.995273808677775929e-01
6.912896102607000159e-01  9.995269052987100222e-01
6.945165219875000240e-01  9.995242968701504305e-01
6.977434337771000195e-01  9.995230351368625810e-01
7.009703456285000245e-01  9.995210573330352011e-01
7.041972575407999813e-01  9.995189826622384865e-01
7.074241695133000052e-01  9.995193326547177071e-01
7.106510815451000385e-01  9.995183722733427256e-01
7.138779936354000544e-01  9.995179780698162375e-01
7.171049057834000262e-01  9.995154704772827303e-01
7.203318179883000383e-01  9.995098761799098286e-01
7.235587302493999839e-01  9.995125131409876573e-01
7.267856425659999786e-01  9.995094149706187370e-01
7.300125549371999645e-01  9.995085221566987199e-01
7.332394673623999770e-01  9.995086613514909679e-01
7.364663798409000206e-01  9.995060228345837849e-01
7.396932923718999575e-01  9.995040093375271439e-01
7.429202049547000142e-01  9.995033809522226864e-01
7.461471175888000351e-01  9.995022201249993410e-01
7.493740302733999936e-01  9.995001368504409234e-01
7.526009430079000362e-01  9.994973993000038082e-01
7.558278557915999452e-01  9.994988401035134196e-01
8.254802522579000046e-01  9.994663075335807889e-01
9.260319550653000054e-01  9.994281590720047737e-01
1.085583288842000060e+00  9.993673389948803942e-01
1.338471472341000057e+00  9.992887598443148667e-01
1.682644526228000093e+00  9.992002492868302665e-01
2.118281616144999990e+00  9.991164813973751890e-01
2.666758410676000057e+00  9.989878413598833884e-01
3.357249930246999803e+00  9.988132417395000351e-01
4.226527250932000435e+00  9.986003056283739854e-01
5.320882559839000159e+00  9.982951867940559332e-01
6.698594267754000242e+00  9.978318095182387992e-01
8.433030546974000785e+00  9.970515857940729365e-01
1.061655645401999948e+01  9.957797524231478681e-01
1.336545270571999922e+01  9.937978971543880435e-01
1.682610805135999854e+01  9.906122712600577973e-01
2.118281500744999946e+01  9.847424834671087979e-01
2.666758410621000053e+01  9.752775767304983079e-01
3.357249930246999980e+01  9.599868589414564113e-01
4.226527250931999902e+01  9.352419806864916696e-01
5.320882559838999981e+01  8.961827775122361839e-01
6.698594267753999532e+01  8.364975130411400617e-01
8.433030546973999719e+01  7.525162056565559698e-01
1.061655645401999948e+02  6.390443396485234739e-01
1.336545270571999993e+02  5.081122856256283793e-01
1.682610805136000067e+02  3.677275545455294115e-01
2.118281500745000017e+02  2.438709719314385849e-01
2.666758410621000053e+02  1.378184878901712040e-01
3.357249930246999838e+02  6.489106611322228990e-02
4.226527250931999902e+02  3.613414580612023946e-02
5.320882559839000123e+02  1.598109316766499477e-02
6.698594267754000384e+02  6.242672293316857239e-03
