2.342384080054999869e-05  9.996232097155657303e-01
3.640295831567999968e-05  9.996232026585017971e-01
4.946312911455000169e-05  9.996231817067445791e-01
6.264014650672000098e-05  9.996231729234495988e-01
7.597071251840000026e-05  9.996231557100678788e-01
8.949277000668000271e-05  9.996231387656231426e-01
1.032458495914000037e-04  9.996231220921436567e-01
1.172714358892000015e-04  9.996230797447928085e-01
1.316133575665999879e-04  9.996230805237158457e-01
1.463182057369000004e-04  9.996230297096547757e-01
1.614357851552999901e-04  9.996230208888550184e-01
1.770196024833000053e-04  9.996229907318133767e-01
1.931273954947000009e-04  9.996229468151401898e-01
2.098217064043999907e-04  9.996229047206491858e-01
2.271705013619999933e-04  9.996228590524925961e-01
2.452478363961999985e-04  9.996227931241561393e-01
2.641345674861999746e-04  9.996227379491930964e-01
2.839190986959000212e-04  9.996226690513612123e-01
3.046981570743000209e-04  9.996225923527578550e-01
3.265775759211000224e-04  9.996225023273268562e-01
3.496730586074000180e-04  9.996224069204152629e-01
3.741108830454000205e-04  9.996222863461747821e-01
4.000284918705999948e-04  9.996221464030495829e-01
4.275748954890000193e-04  9.996220122840868694e-01
4.569107949599999965e-04  9.996218468715100114e-01
4.882083107402000223e-04  9.996216575855516595e-01
5.216501843892000024e-04  9.996214151269506853e-01
5.574283078804999608e-04  9.996211863689578037e-01
5.957414354475999620e-04  9.996208905670107558e-01
6.367919537301000446e-04  9.996205582382589050e-01
6.807816355769000152e-04  9.996201756828095863e-01
7.279063875455999474e-04  9.996197354085871734e-01
7.783501219231999703e-04  9.996192253024176466e-01
8.322780327555999794e-04  9.996186309153619609e-01
8.898297114351000348e-04  9.996179730374155081e-01
9.511126685233999923e-04  9.996172121403807953e-01
1.016196896151000005e-03  9.996163482067759176e-01
1.085111076080999938e-03  9.996153488366997797e-01
1.157840897913000070e-03  9.996142097570072105e-01
1.234329714716999931e-03  9.996129507130081526e-01
1.314481474205999928e-03  9.996115482395560026e-01
1.398165584649999895e-03  9.996124598575026887e-01
1.485223165770000082e-03  9.996144459823969042e-01
1.575474033760999957e-03  9.996161884517175134e-01
1.668723782181999937e-03  9.996177513588417884e-01
1.764770424186000051e-03  9.996191453238987279e-01
1.863410217402999922e-03  9.996203869016069277e-01
1.964442460236000190e-03  9.996215193503172891e-01
2.067673196610999957e-03  9.996225471453590306e-01
2.172917877974999898e-03  9.996234967634721746e-01
2.280003102556999849e-03  9.996243768267719654e-01
2.388767586922000124e-03  9.996251957673245592e-01
2.499062532442000023e-03  9.996259686037540781e-01
2.610751539039000198e-03  9.996267006384098597e-01
2.723710198469000195e-03  9.996273917460321012e-01
2.837825475659000018e-03  9.996280756689800429e-01
2.952994963078999814e-03  9.996286972771647461e-01
3.069126071983000002e-03  9.996293215636922191e-01
3.186135206536000204e-03  9.996299135054881324e-01
3.303946952652000134e-03  9.996304850347472737e-01
3.422493302287000095e-03  9.996309844992010696e-01
3.541712925773000172e-03  9.996314891063377006e-01
3.661550498822000160e-03  9.996319305544427714e-01
3.781956086639000174e-03  9.996323139204937869e-01
3.902884584808999965e-03  9.996325737825697555e-01
4.024295214785000331e-03  9.996327393318410470e-01
4.146151070709000117e-03  9.996327490853268438e-01
4.268418713722000289e-03  9.996326376660594759e-01
4.391067809686999973e-03  9.996323523900192409e-01
4.514070806235000004e-03  9.996319779001742178e-01
4.637402645195999595e-03  9.996313547396726840e-01
4.761040506707000380e-03  9.996303417672315339e-01
4.884963581574999943e-03  9.996293880356458272e-01
5.009152868766000334e-03  9.996279975284348973e-01
5.133590995193999633e-03  9.996278473505101347e-01
5.258262055279999854e-03  9.996261733232639779e-01
5.383151468003000151e-03  9.996235599735355803e-01
5.508245849456999688e-03  9.996227693227552891e-01
5.633532899099000235e-03  9.996197104371535858e-01
5.759001298142000375e-03  9.996190315314303909e-01
5.884640618683999874e-03  9.996175755750973391e-01
6.010441242348000222e-03  9.996156367390504061e-01
6.136394287360000255e-03  9.996126428460747615e-01
6.262491543101000174e-03  9.996110332407607268e-01
6.388725411307000224e-03  9.996085199257974674e-01
6.515088853166000130e-03  9.996065368969229148e-01
6.641575341663000231e-03  9.996039159461713730e-01
6.768178818608999725e-03  9.996019691466072610e-01
6.894893655836000119e-03  9.996000911713323056e-01
7.021714620105000415e-03  9.995980125108535619e-01
7.148636841351000033e-03  9.995957112394069366e-01
7.275655783898000127e-03  9.995937426473138210e-01
7.402767220336999715e-03  9.995917986965817681e-01
7.529967207799999687e-03  9.995901329453024120e-01
7.657252066375999991e-03  9.995883821002100600e-01
7.784618359457999917e-03  9.995868386091790736e-01
7.912062875829000558e-03  9.995853426696893473e-01
8.039582613309000786e-03  9.995841301851723371e-01
8.167174763823000644e-03  9.995830335040776227e-01
8.294836699735000721e-03  9.995820231315823978e-01
8.422565961345000046e-03  9.995812979565643630e-01
8.550360245426000608e-03  9.995806274744777342e-01
8.678217394709000082e-03  9.995802399032661656e-01
8.806135388229999889e-03  9.995800770862629525e-01
8.934112332461000699e-03  9.995800619756719518e-01
9.062146453139999572e-03  9.995802000211860827e-01
9.190236087766000261e-03  9.995805529130713518e-01
9.318379678668999369e-03  9.995810261989425127e-01
9.446575766625000051e-03  9.995816763902624080e-01
9.574822984965000380e-03  9.995827144372074757e-01
9.703120054129000735e-03  9.995836778455071681e-01
9.831465776633999468e-03  9.995851645865413415e-01
9.959859032422000574e-03  9.995864953650472895e-01
1.008829877454999954e-02  9.995882511301763529e-01
1.021678402521000034e-02  9.995900701855015003e-01
1.034531387201000074e-02  9.995921137931041978e-01
1.047388746456999996e-02  9.995943841651832029e-01
1.060250401132999988e-02  9.995967980308042566e-01
1.073116277658999959e-02  9.995993621595857803e-01
1.085986307781000061e-02  9.996023867870629243e-01
1.098860428299000026e-02  9.996053198010652618e-01
1.111738580838999950e-02  9.996084613939637542e-01
1.124620711626999996e-02  9.996118176736105143e-01
1.137506771285000037e-02  9.996154093462366053e-01
1.150396714645000006e-02  9.996190637980177929e-01
1.163290500568999949e-02  9.996229795601169199e-01
1.176188091784000078e-02  9.996268234133061092e-01
1.189089454731000021e-02  9.996309667228286955e-01
1.201994559422000022e-02  9.996351035312656119e-01
1.214903379307000035e-02  9.996392671716775036e-01
1.227815891151999919e-02  9.996434970202594528e-01
1.240732074923999936e-02  9.996478775620728507e-01
1.253651913684999952e-02  9.996523989211649752e-01
1.266575393494000050e-02  9.996566058707394564e-01
1.279502503314999991e-02  9.996611378279171012e-01
1.292433234930000056e-02  9.996655137571442973e-01
1.305367582866000069e-02  9.996698074890102426e-01
1.318305544316000083e-02  9.996741774384088064e-01
1.331247119076999982e-02  9.996786860516436724e-01
1.344192309482000053e-02  9.996826628534225545e-01
1.357141120351999970e-02  9.996870042698057235e-01
1.370093558933999957e-02  9.996911908044635586e-01
1.383049634857999935e-02  9.996953118142142269e-01
1.396009360094999964e-02  9.996993290773352747e-01
1.408972748911000057e-02  9.997034574929978268e-01
1.421939817835000085e-02  9.997074033424576678e-01
1.434910585627999918e-02  9.997112103106916559e-01
1.447885073249000065e-02  9.997148433211813234e-01
1.460863303829999967e-02  9.997187646860267174e-01
1.473845302655999931e-02  9.997225280556948368e-01
1.486831097144000052e-02  9.997261231077112509e-01
1.499820716820999926e-02  9.997296578363585873e-01
1.512814193316000012e-02  9.997330721325461411e-01
1.525811560342999959e-02  9.997366846131242601e-01
1.538812853695999995e-02  9.997399056520555050e-01
1.551818111236000046e-02  9.997433495894749722e-01
1.564827372892000149e-02  9.997468612251478870e-01
1.577840680653000080e-02  9.997499911541420925e-01
1.590858078573999940e-02  9.997533372219016279e-01
1.603879612768999846e-02  9.997565275772407611e-01
1.616905331424000128e-02  9.997596362038726481e-01
1.629935284795000147e-02  9.997628507830168543e-01
1.642969525220000157e-02  9.997658646555739326e-01
1.656008107125999870e-02  9.997695285679898403e-01
1.669051087044000001e-02  9.997723093498234181e-01
1.682098523616000138e-02  9.997754433434687948e-01
1.695150477616000004e-02  9.997786437827947958e-01
1.708207011963000163e-02  9.997815573386061860e-01
1.721268191740000023e-02  9.997843673893783700e-01
1.734334084218000158e-02  9.997876605802994421e-01
1.747404758868999902e-02  9.997908014679794952e-01
1.760480287400000010e-02  9.997939071326653604e-01
1.773560743768999928e-02  9.997969978815348657e-01
1.786646204220000006e-02  9.997999541187705397e-01
1.799736747304999870e-02  9.998032484988411683e-01
1.812832453917000153e-02  9.998062708585506719e-01
1.825933407322000157e-02  9.998094370506552808e-01
1.839039693191999933e-02  9.998119068096039674e-01
1.852151399640999951e-02  9.998154351015819952e-01
1.865268617258000056e-02  9.998185246282254024e-01
1.878391439154000059e-02  9.998212136443447307e-01
1.891519960992000052e-02  9.998242422427323639e-01
1.904654281036999991e-02  9.998279192021267692e-01
1.917794500195000099e-02  9.998312872599094403e-01
1.930940722060999967e-02  9.998345802471221289e-01
1.944093052964999957e-02  9.998377437037024862e-01
1.957251602022999984e-02  9.998413137384184468e-01
1.970416481185000013e-02  9.998440505274261980e-01
1.983587805288999917e-02  9.998468876361362723e-01
1.996765692118000063e-02  9.998508198287993087e-01
2.009950262451999994e-02  9.998529712162972372e-01
2.023141640131000119e-02  9.998568256849671432e-01
2.036339952114999893e-02  9.998597575349762456e-01
2.049545328542999936e-02  9.998628385636113558e-01
2.062757902801000062e-02  9.998656879940788222e-01
2.075977811590999991e-02  9.998689981741031296e-01
2.089205194993000100e-02  9.998725615465556826e-01
2.102440196546000173e-02  9.998757888759137735e-01
2.115682963311999940e-02  9.998778187540929840e-01
2.128933645959999940e-02  9.998813693237653677e-01
2.142192398839999970e-02  9.998838125813409583e-01
2.155459380065000152e-02  9.998862702396077440e-01
2.168734751595000065e-02  9.998894021216806482e-01
2.182018679323000088e-02  9.998920796735865091e-01
2.195311333164999892e-02  9.998944303930950017e-01
2.208612887149000170e-02  9.998968399396459539e-01
2.221923519512000039e-02  9.998991799039670392e-01
2.235243412797999901e-02  9.999024547639726590e-01
2.248572753956000134e-02  9.999045675991542481e-01
2.261911734445999980e-02  9.999068267369602969e-01
2.275260550344999910e-02  9.999094991124020115e-01
2.288619402457000088e-02  9.999121461710950287e-01
2.301988496428000047e-02  9.999142536240872570e-01
2.315368042862999895e-02  9.999153864433574235e-01
2.328758257444999910e-02  9.999184316970014530e-01
2.342159361065000028e-02  9.999203477797513617e-01
2.355571579942999927e-02  9.999215213838672511e-01
2.368995145767999883e-02  9.999245900388774588e-01
2.382430295831999834e-02  9.999266700362596794e-01
2.395877273169999891e-02  9.999285696435785686e-01
2.409336326708999901e-02  9.999308794652599364e-01
2.422807711417000048e-02  9.999321615223284443e-01
2.436291688458000135e-02  9.999349588171567715e-01
2.449788525352000063e-02  9.999370598228491946e-01
2.463298496143000171e-02  9.999383172801307174e-01
2.476821881568000080e-02  9.999412799988915967e-01
2.490358969232000022e-02  9.999422356013202284e-01
2.503910053796000110e-02  9.999434755967022692e-01
2.517475437157000104e-02  9.999453338852848372e-01
2.531055428652000117e-02  9.999482969303822300e-01
2.544650345250000154e-02  9.999493095033187284e-01
2.558260511766000111e-02  9.999511154793788714e-01
2.571886261073999883e-02  9.999540052230476705e-01
2.585527934328000002e-02  9.999558473089181776e-01
2.599185881191999961e-02  9.999577607253060663e-01
2.612860460079000080e-02  9.999589307725454956e-01
2.626552038392999944e-02  9.999616314270524109e-01
2.640260992787999902e-02  9.999632752652389822e-01
2.653987709427000144e-02  9.999652645698712261e-01
2.667732584254000130e-02  9.999676698035839806e-01
2.681496023280000029e-02  9.999678866719509118e-01
2.695278442869000063e-02  9.999698070923520588e-01
2.709080270045999966e-02  9.999714623986847295e-01
2.722901942804999836e-02  9.999735631859933971e-01
2.736743910436000016e-02  9.999753196771681285e-01
2.750606633860000136e-02  9.999770388793407516e-01
2.764490585979000048e-02  9.999786822220421145e-01
2.778396252036000047e-02  9.999799990085136425e-01
2.792324129989999862e-02  9.999830966644681629e-01
2.806274730907000123e-02  9.999825462104728890e-01
2.820248579360000105e-02  9.999849539867737835e-01
2.834246213849999849e-02  9.999873515859419859e-01
2.848268187242000010e-02  9.999879950370608173e-01
2.862315067213999989e-02  9.999904890786308620e-01
2.876387436731000016e-02  9.999912103480368408e-01
2.890485894526000077e-02  9.999921973076911774e-01
2.904611055612999967e-02  9.999946793477604290e-01
2.918763551813000068e-02  9.999953964038004184e-01
2.932944032300999898e-02  9.999970038768074554e-01
2.947153164176000151e-02  9.999985251074002823e-01
2.961391633058000142e-02  9.999992226640664894e-01
2.975660143703999852e-02  1.000001162869747828e+00
2.989959420652000058e-02  1.000001360157990904e+00
3.004290208894999994e-02  1.000002223641685228e+00
3.018653274573999956e-02  1.000004925107738973e+00
3.033049405714000057e-02  1.000006839589549612e+00
3.047479412980000010e-02  1.000007448138259702e+00
3.061944130469999859e-02  1.000009323303624020e+00
3.076444416544000041e-02  1.000010439219121361e+00
3.090981154690999877e-02  1.000010939274088573e+00
3.105555254424000045e-02  1.000014451538033367e+00
3.120167652229000055e-02  1.000013262133888414e+00
3.134819312552000053e-02  1.000014969691878308e+00
3.149511228822000214e-02  1.000015385786207078e+00
3.164244424537000083e-02  1.000016187490642805e+00
3.179019954387000274e-02  1.000016867729237813e+00
3.193838905437999809e-02  1.000021888422857996e+00
3.208702398365999992e-02  1.000019166830660167e+00
3.223611588757999830e-02  1.000022219282126201e+00
3.238567668463999960e-02  1.000023309323472276e+00
3.253571867026999742e-02  1.000025187751180988e+00
3.268625453176000201e-02  1.000026897661606240e+00
3.283729736397000137e-02  1.000027094694151852e+00
3.298886068575999919e-02  1.000030248958690970e+00
3.314095845738000007e-02  1.000028885255856981e+00
3.329360509859000117e-02  1.000029142617628430e+00
3.344681550788999869e-02  1.000031095830961725e+00
3.360060508256999812e-02  1.000035028981566487e+00
3.375498974000999686e-02  1.000034442627050213e+00
3.390998593995000338e-02  1.000034347623014463e+00
3.406561070806000263e-02  1.000035867803592549e+00
3.422188166078000277e-02  1.000038031308160269e+00
3.437881703148999712e-02  1.000036774632612646e+00
3.453643569819000309e-02  1.000039708354590218e+00
3.469475721268999724e-02  1.000039849662727853e+00
3.485380183151000344e-02  1.000039473681449076e+00
3.501359054851999747e-02  1.000039910761245210e+00
3.517414512948999900e-02  1.000041288605841627e+00
3.533548814871000088e-02  1.000043967146657220e+00
3.549764302774000013e-02  1.000043303875659095e+00
3.566063407654000011e-02  1.000045738729570699e+00
3.582448653709000008e-02  1.000045647599924425e+00
3.598922662970999858e-02  1.000045718022037233e+00
3.615488160225999864e-02  1.000049176368897896e+00
3.632147978249999909e-02  1.000049232213349848e+00
3.648905063374999896e-02  1.000050556408812685e+00
3.665762481418000096e-02  1.000051143193139147e+00
3.682723424001999729e-02  1.000051013358223218e+00
3.699791215295000074e-02  1.000051905997067836e+00
3.716969319204999761e-02  1.000053643791515068e+00
3.734261347064000286e-02  1.000053591215913862e+00
3.751671065847000247e-02  1.000056684381581906e+00
3.769202406967000346e-02  1.000055972408099514e+00
3.786859475690999843e-02  1.000057497361182657e+00
3.804646561246999986e-02  1.000058006563088409e+00
3.822568147651000253e-02  1.000057979143164077e+00
3.840628925358999940e-02  1.000058654068607611e+00
3.858833803773999843e-02  1.000060693566168002e+00
3.877187924725999935e-02  1.000060787440447019e+00
3.895696676984999884e-02  1.000061437690408228e+00
3.914365711915000073e-02  1.000061500651961754e+00
3.933200960388000267e-02  1.000062976804015236e+00
3.952208651051000027e-02  1.000063536344860893e+00
3.971395330118000083e-02  1.000064121804917994e+00
3.990767882795000221e-02  1.000064857143379005e+00
4.010333556542999833e-02  1.000065772329017610e+00
4.030099986339000240e-02  1.000066211236787517e+00
4.050075222160000321e-02  1.000067061147392522e+00
4.070267758916999712e-02  1.000067733961508498e+00
4.090686569107000042e-02  1.000069825020475589e+00
4.111341138479999990e-02  1.000069731374646054e+00
4.132241505063000142e-02  1.000071202219416255e+00
4.153398301907999801e-02  1.000070672960529761e+00
4.174822804014000077e-02  1.000072260357659948e+00
4.196526979897000076e-02  1.000072498306587399e+00
4.218523548374000093e-02  1.000072019388673406e+00
4.240826041199000085e-02  1.000071387587897043e+00
4.263448872272999901e-02  1.000075336706810925e+00
4.286407414268000177e-02  1.000073636021252987e+00
4.309718083616000117e-02  1.000074764544306660e+00
4.333398434986000108e-02  1.000075700018682179e+00
4.357467266493000174e-02  1.000076746865690369e+00
4.381944737153999764e-02  1.000077223033205565e+00
4.406852498278000102e-02  1.000077669859377849e+00
4.432213840799999888e-02  1.000078067355699263e+00
4.458053860901999704e-02  1.000077712438931954e+00
4.484399646639999903e-02  1.000078309956460521e+00
4.511280488812999950e-02  1.000078568964970716e+00
4.538728119856000331e-02  1.000080491030717944e+00
4.566776985260000143e-02  1.000080408830184897e+00
4.595464552843000344e-02  1.000080988786240743e+00
4.624831666246000117e-02  1.000081237283158009e+00
4.654922950259000186e-02  1.000082987356202047e+00
4.685787277115999877e-02  1.000080559502765976e+00
4.717478304799999772e-02  1.000080954968216362e+00
4.750055100698000188e-02  1.000082594212451381e+00
4.783582866852000015e-02  1.000083451866987438e+00
4.818133786637000121e-02  1.000084231934609935e+00
4.853788017180000330e-02  1.000085555068199294e+00
4.890634857500000127e-02  1.000083477563213252e+00
4.928774129407000049e-02  1.000086443593824370e+00
4.968317817253999763e-02  1.000084089992891778e+00
5.009392023972000091e-02  1.000084452401386548e+00
5.052139315402000286e-02  1.000084326733218010e+00
5.096721543361999729e-02  1.000084907365760056e+00
5.143323261539999719e-02  1.000086360213173764e+00
5.192155878243000233e-02  1.000082647236504751e+00
5.243462728079999885e-02  1.000083891491936772e+00
5.297525292313000345e-02  1.000084299340635363e+00
5.354670856431999887e-02  1.000083456950782823e+00
5.415281963846999697e-02  1.000083190423556534e+00
5.479808104124000295e-02  1.000082974542327641e+00
5.548780154247000274e-02  1.000083063132205297e+00
5.622828149767000044e-02  1.000081187680988304e+00
5.702702949925000236e-02  1.000080221799079405e+00
5.789302174221999664e-02  1.000079063648805056e+00
5.883700225551000140e-02  1.000078204442293783e+00
5.987180900888999791e-02  1.000075915251827263e+00
6.101268374379999887e-02  1.000073595466807186e+00
6.227747226942000058e-02  1.000071633598348608e+00
6.368653554325999500e-02  1.000067885556146674e+00
6.526206823652999645e-02  1.000064830303425856e+00
6.702639998753999462e-02  1.000060590128320159e+00
6.899887421021999589e-02  1.000055811300655906e+00
7.119133195413999970e-02  1.000050369317448062e+00
7.360329085109999780e-02  1.000044842404217427e+00
7.621916846906000298e-02  1.000038609138147239e+00
7.900989269385999547e-02  1.000032833980890823e+00
8.193890309540000083e-02  1.000026745915022941e+00
8.496958417769999439e-02  1.000020590063216419e+00
8.807068756963000455e-02  1.000015544749246699e+00
9.121843718939000312e-02  1.000010905265024119e+00
9.439613324407999939e-02  1.000005981936039179e+00
9.759265943955000577e-02  1.000002254421617609e+00
1.008008699049000034e-01  9.999980185285356482e-01
1.040162715644999958e-01  9.999957159449989197e-01
1.072360779671999997e-01  9.999895610922864275e-01
1.104585755915000050e-01  9.999837870672595441e-01
1.136827160698000022e-01  9.999788978830218555e-01
1.169078599037999960e-01  9.999728374932352892e-01
1.201336176390999932e-01  9.999679134006549397e-01
1.233597522673000046e-01  9.999591363625106588e-01
1.265861195549000118e-01  9.999509849015961738e-01
1.298126316727999940e-01  9.999432473019067569e-01
1.330392350684000136e-01  9.999353759189621993e-01
1.362658970168000028e-01  9.999285039355446658e-01
1.394925974525000056e-01  9.999202126193734719e-01
1.427193240084999870e-01  9.999128987652955436e-01
1.459460690052999943e-01  9.999061274096917584e-01
1.491728276213999949e-01  9.999000446507567696e-01
1.523995967823000008e-01  9.998948838266349393e-01
1.556263744854000097e-01  9.998892749275085645e-01
1.588531593888000137e-01  9.998852857993544285e-01
1.620799505615000136e-01  9.998808200499491594e-01
1.653067473304999924e-01  9.998759733640919523e-01
1.685335491872000102e-01  9.998721791077340715e-01
1.717603557301999873e-01  9.998682169589550028e-01
1.749871666297999895e-01  9.998624121930747011e-01
1.782139816057000115e-01  9.998584685572928787e-01
1.814408004132999908e-01  9.998527802989830571e-01
1.846676228347000071e-01  9.998472245859825192e-01
1.878944486728000018e-01  9.998411336710152364e-01
1.911212777473000057e-01  9.998355762615256381e-01
1.943481098925000095e-01  9.998291176578552042e-01
1.975749449544000058e-01  9.998229800362242736e-01
2.008017827899999941e-01  9.998145479534550351e-01
2.040286232659999921e-01  9.998097917532903223e-01
2.072554662575999962e-01  9.998041351213186045e-01
2.104823116478999889e-01  9.997994675032761958e-01
2.137091593273000023e-01  9.997936989081424031e-01
2.169360091928000112e-01  9.997905643657811758e-01
2.201628611474999997e-01  9.997862728154486289e-01
2.233897151002000037e-01  9.997814655927919070e-01
2.266165709649000104e-01  9.997781378858894286e-01
2.298434286605000043e-01  9.997745232733223908e-01
2.330702881104000090e-01  9.997706923499617426e-01
2.362971492422999975e-01  9.997668848954198717e-01
2.395240119876999862e-01  9.997620606177193281e-01
2.427508762819000077e-01  9.997580644332010325e-01
2.459777420634000067e-01  9.997529476881651389e-01
2.492046092742999930e-01  9.997475152923200881e-01
2.524314778592000041e-01  9.997415295004968838e-01
2.556583477657999870e-01  9.997361471212594664e-01
2.588852189445000063e-01  9.997281216391309400e-01
2.621120913478999781e-01  9.997213689617712173e-01
2.653389649310000098e-01  9.997142031338408508e-01
2.685658396512000112e-01  9.997083320552938579e-01
2.717927154677000079e-01  9.997030443761649732e-01
2.750195923416000054e-01  9.996938268656537785e-01
2.782464702360000208e-01  9.996874988221440272e-01
2.814733491154999823e-01  9.996818019466570115e-01
2.847002289464999891e-01  9.996758064232416086e-01
2.879271096968000210e-01  9.996700414042496430e-01
2.911539913357000242e-01  9.996644783984668381e-01
2.943808738338000164e-01  9.996599023056068622e-01
2.976077571629999752e-01  9.996548486708990433e-01
3.008346412962999983e-01  9.996503330391658393e-01
3.040615262081999837e-01  9.996450240665295528e-01
3.072884118738000159e-01  9.996400139365724247e-01
3.105152982696999797e-01  9.996348078092006650e-01
3.137421853731000021e-01  9.996292166076022889e-01
3.169690731622999968e-01  9.996232626460995752e-01
3.201959616164999911e-01  9.996171002946999673e-01
3.234228507156999832e-01  9.996106990187751951e-01
3.266497404406999983e-01  9.996034930054437107e-01
3.298766307730000014e-01  9.995971850500176004e-01
3.331035216948999844e-01  9.995903724390651224e-01
3.363304131893000148e-01  9.995815125967015824e-01
3.395573052397999891e-01  9.995753039579740040e-01
3.427841978307999971e-01  9.995687146825387170e-01
3.460110909469000240e-01  9.995626919360406371e-01
3.492379845735000266e-01  9.995549391670263129e-01
3.524648786965999814e-01  9.995486451543078577e-01
3.556917733025999895e-01  9.995413422388181868e-01
3.589186683782999987e-01  9.995360526626692055e-01
3.621455639112999836e-01  9.995300101387190050e-01
3.653724598893000053e-01  9.995237009270668826e-01
3.685993563005999785e-01  9.995184711723956728e-01
3.718262531338000221e-01  9.995110135129685602e-01
3.750531503780999976e-01  9.995026604432573070e-01
3.782800480228000195e-01  9.994978541376922099e-01
3.815069460577000249e-01  9.994903198158821001e-01
3.847338444730999951e-01  9.994844387281272002e-01
3.879607432593000227e-01  9.994764310741591773e-01
3.911876424071000224e-01  9.994696003855376709e-01
3.944145419076999781e-01  9.994621354780477418e-01
3.976414417524000156e-01  9.994557327732317420e-01
4.008683419328000208e-01  9.994477142576496664e-01
4.040952424409000043e-01  9.994381671731979999e-01
4.073221432690000143e-01  9.994307314473155346e-01
4.105490444093000124e-01  9.994249092105866872e-01
4.137759458545000046e-01  9.994166692022143916e-01
4.170028475977000104e-01  9.994092012478383857e-01
4.202297496317000114e-01  9.994011966085863952e-01
4.234566519501000159e-01  9.993935446243692455e-01
4.266835545463000257e-01  9.993870017059722777e-01
4.299104574141000001e-01  9.993788751805435799e-01
4.331373605473000099e-01  9.993721898762307765e-01
4.363642639399999967e-01  9.993625104050894992e-01
4.395911675865000201e-01  9.993543224780483403e-01
4.428180714812999796e-01  9.993482075525778052e-01
4.460449756188000214e-01  9.993398859599478268e-01
4.492718799939999785e-01  9.993339670640924988e-01
4.524987846015999793e-01  9.993243781376964785e-01
4.557256894367999744e-01  9.993161724707327886e-01
4.589525944946000191e-01  9.993097095264060759e-01
4.621794997704999908e-01  9.993017257715931523e-01
4.654064052597999823e-01  9.992912102460570489e-01
4.686333109581999889e-01  9.992824779679264635e-01
4.718602168612999748e-01  9.992754530662429913e-01
4.750871229649999972e-01  9.992657604586820952e-01
4.783140292651000269e-01  9.992589484726456250e-01
4.815409357577999927e-01  9.992487531660815270e-01
4.847678424390999830e-01  9.992412112895803222e-01
4.879947493053999885e-01  9.992333166368053687e-01
4.912216563528999935e-01  9.992230776824160277e-01
4.944485635781000199e-01  9.992155887015340410e-01
4.976754709774999785e-01  9.992064340752980778e-01
5.009023785477000335e-01  9.991985889791293873e-01
5.041292862855000223e-01  9.991878334915387239e-01
5.073561941876999493e-01  9.991823726107290637e-01
5.105831022511000405e-01  9.991720675512755223e-01
5.138100104725999984e-01  9.991611065498673394e-01
5.170369188493999513e-01  9.991546490628498978e-01
5.202638273784000456e-01  9.991450412482471011e-01
5.234907360570000279e-01  9.991346701101827543e-01
5.267176448822999957e-01  9.991280689822540362e-01
5.299445538515999976e-01  9.991174123603637769e-01
5.331714629623000024e-01  9.991086403202649180e-01
5.363983722119000097e-01  9.990983916209861260e-01
5.396252815977999884e-01  9.990903154643805406e-01
5.428521911175999692e-01  9.990799654886621806e-01
5.460791007690000143e-01  9.990697853718694121e-01
5.493060105496000434e-01  9.990611779619287258e-01
5.525329204571000075e-01  9.990504296180413579e-01
5.557598304894000307e-01  9.990407093372902780e-01
5.589867406441999531e-01  9.990314388283687563e-01
5.622136509195000409e-01  9.990210800038432648e-01
5.654405613131000541e-01  9.990114243971527364e-01
5.686674718230999570e-01  9.990015532085166905e-01
5.718943824473999848e-01  9.989927573801488103e-01
5.751212931842000220e-01  9.989802661262258132e-01
5.783482040316000328e-01  9.989703514966301601e-01
5.815751149875999504e-01  9.989613752456492080e-01
5.848020260506000545e-01  9.989508770541511984e-01
5.880289372188000074e-01  9.989414094823324541e-01
5.912558484902999956e-01  9.989299214159880203e-01
5.944827598635999966e-01  9.989207989454343961e-01
5.977096713369000058e-01  9.989093883943050978e-01
6.009365829087000010e-01  9.989006132378356329e-01
6.041634945774000398e-01  9.988874097258345630e-01
6.073904063413999577e-01  9.988786277513733713e-01
6.106173181991999543e-01  9.988650664592373385e-01
6.138442301494000386e-01  9.988543306586946668e-01
6.170711421904000460e-01  9.988496799238893997e-01
6.202980543209000164e-01  9.988354713669846952e-01
6.235249665394999585e-01  9.988268677440310661e-01
6.267518788447999922e-01  9.988153960250867325e-01
6.299787912354000152e-01  9.988025731646541505e-01
6.332057037100999874e-01  9.987886720473063695e-01
6.364326162675999488e-01  9.987771086692004419e-01
6.396595289065000189e-01  9.987652935458726233e-01
6.428864416257999981e-01  9.987542590228037920e-01
6.461133544242000371e-01  9.987431888505193811e-01
6.493402673003999537e-01  9.987326842695243290e-01
6.525671802533999921e-01  9.987212202757379531e-01
6.557940932820000013e-01  9.987071015936416218e-01
6.590210063850999722e-01  9.986989356797550954e-01
6.622479195616000069e-01  9.986850662272552803e-01
6.654748328103999855e-01  9.986729882600620112e-01
6.687017461305000410e-01  9.986599215424923903e-01
6.719286595208999735e-01  9.986488200005800842e-01
6.751555729804999961e-01  9.986373394972725137e-01
6.783824865083000200e-01  9.986256087024244499e-01
6.816094001035000183e-01  9.986133689055610718e-01
6.848363137648999510e-01  9.986022638805659435e-01
6.880632274918000446e-01  9.985859996541035510e-01
6.912901412830999570e-01  9.985764829896816019e-01
6.945170551379999946e-01  9.985644976345321444e-01
6.977439690555999885e-01  9.985467738258499981e-01
7.009708830349999920e-01  9.985395091795736811e-01
7.041977970753999783e-01  9.985263853821539914e-01
7.074247111759000006e-01  9.985131223578702642e-01
7.106516253357000323e-01  9.984991552983643048e-01
7.138785395540999668e-01  9.984889273835304557e-01
7.171054538301000481e-01  9.984742315181240890e-01
7.203323681630999786e-01  9.984603577857379397e-01
7.235592825522999538e-01  9.984455359560258092e-01
7.267861969968000269e-01  9.984325393415326433e-01
7.300131114961000423e-01  9.984194144824846129e-01
7.332400260493000532e-01  9.984088508514920024e-01
7.364669406557999842e-01  9.983920845444169689e-01
7.396938553148999507e-01  9.983794465403291740e-01
7.429207700258000369e-01  9.983686434397208709e-01
7.461476847878999452e-01  9.983543914412058573e-01
7.493745996005000132e-01  9.983413215054449674e-01
7.526015144630000542e-01  9.983246887966136240e-01
7.558284293747999927e-01  9.983112123552593253e-01
8.254808998481999449e-01  9.979932152706784132e-01
9.260327218813999561e-01  9.974793610515773068e-01
1.085584259783999972e+00  9.964956402994087359e-01
1.338472735087999910e+00  9.945310878120524611e-01
1.682646124227999973e+00  9.909480123918424921e-01
2.118283628136000019e+00  9.848553856181018196e-01
2.666760943623999847e+00  9.745810791941160733e-01
3.357253119039000033e+00  9.574310723012275925e-01
4.226531265382999614e+00  9.293527079362201571e-01
5.320887613734000432e+00  8.847220580293084780e-01
6.698600630229999631e+00  8.170052441327713133e-01
8.433038556856999435e+00  7.207388112172334882e-01
1.061656653786999982e+01  5.961429270589425622e-01
1.336546540051999976e+01  4.528462042947461463e-01
1.682612403318000105e+01  3.103042717211196289e-01
2.118283512737000152e+01  1.889881739271387917e-01
2.666760943569000020e+01  1.021882062353699355e-01
3.357253119039000211e+01  4.922261539122718688e-02
4.226531265383000147e+01  2.134994731638818755e-02
5.320887613733999899e+01  8.299597921703781578e-03
6.698600630229999808e+01  2.562126331999372512e-03
8.433038556856999435e+01  2.582557319518201584e-04
1.061656653786999982e+02  2.140617809482478050e-03
