2.342383752246999872e-05  9.996190452368982626e-01
3.640295174423999972e-05  9.996190456368821975e-01
4.946311919545000259e-05  9.996190263074555826e-01
6.264013315822000195e-05  9.996190104966319323e-01
7.597069563029000344e-05  9.996189947190413649e-01
8.949274943871000031e-05  9.996189770714802858e-01
1.032458251714000054e-04  9.996189651282157973e-01
1.172714074104999989e-04  9.996189180821775100e-01
1.316133247852999881e-04  9.996189156621585470e-01
1.463181683680000067e-04  9.996188682782376489e-01
1.614357428688000049e-04  9.996188591794433753e-01
1.770195548993999961e-04  9.996188281986828628e-01
1.931273421776999889e-04  9.996187862821459547e-01
2.098216468566999949e-04  9.996187431411208690e-01
2.271704350166999984e-04  9.996186937565086916e-01
2.452477626084999815e-04  9.996186300999169161e-01
2.641344855245999785e-04  9.996185782772692985e-01
2.839190077310999841e-04  9.996185084659920950e-01
3.046980561681000127e-04  9.996184315277661936e-01
3.265774640144999876e-04  9.996183423895667053e-01
3.496729345069999771e-04  9.996182438135094994e-01
3.741107454096999829e-04  9.996181256690093164e-01
4.000283391968999778e-04  9.996179860775311621e-01
4.275747261004999938e-04  9.996178496858936224e-01
4.569106069943000255e-04  9.996176820338884550e-01
4.882081021415999862e-04  9.996174968561379881e-01
5.216499529047000311e-04  9.996172542412964379e-01
5.574280510629999689e-04  9.996170289857269076e-01
5.957411506668999638e-04  9.996167303345642186e-01
6.367916381948000078e-04  9.996163958598650590e-01
6.807812863687000065e-04  9.996160156883715509e-01
7.279060016668000054e-04  9.996155741781866944e-01
7.783496963569999606e-04  9.996150653368099936e-01
8.322775645385999772e-04  9.996144693389233948e-01
8.898291977361999939e-04  9.996138207273218557e-01
9.511121067255999800e-04  9.996130518958274980e-01
1.016196283928000061e-03  9.996121888382464293e-01
1.085110411461999913e-03  9.996111891374527270e-01
1.157840179329999893e-03  9.996100509672313228e-01
1.234328941028999980e-03  9.996087916940278317e-01
1.314480644701999934e-03  9.996073804011285091e-01
1.398164699024999911e-03  9.996083103253339264e-01
1.485222224087999910e-03  9.996102901895924653e-01
1.575473036404000018e-03  9.996120295457345817e-01
1.668722729788000084e-03  9.996135920244230144e-01
1.764769317596000080e-03  9.996149754927762254e-01
1.863409057595999917e-03  9.996162242141911625e-01
1.964441248286999831e-03  9.996173598737521093e-01
2.067671933642000175e-03  9.996183864141471309e-01
2.172916565123000042e-03  9.996193319777212372e-01
2.280001740947000186e-03  9.996201922903983350e-01
2.388766177647000041e-03  9.996210400106129157e-01
2.499061076549000115e-03  9.996217887600872265e-01
2.610750037520999985e-03  9.996225429311871302e-01
2.723708652257000179e-03  9.996232335934709390e-01
2.837823885623000017e-03  9.996239064638668959e-01
2.952993330028999899e-03  9.996245386472762950e-01
3.069124396664999789e-03  9.996251503086810430e-01
3.186133489639999834e-03  9.996257328391149333e-01
3.303945194812999905e-03  9.996262955014637575e-01
3.422491504087000168e-03  9.996268308109380607e-01
3.541711087748999811e-03  9.996273153068716555e-01
3.661548621464999834e-03  9.996277595555397300e-01
3.781954170399000163e-03  9.996281336102436077e-01
3.902882630099999833e-03  9.996284136009453425e-01
4.024293221985999862e-03  9.996285694717338410e-01
4.146149040168000018e-03  9.996285881222086722e-01
4.268416645758999796e-03  9.996284698457100770e-01
4.391065704596000020e-03  9.996281649431240091e-01
4.514068664286999960e-03  9.996277739889309899e-01
4.637400466639999934e-03  9.996272060388246006e-01
4.761038291772000212e-03  9.996261754971147440e-01
4.884961330471999756e-03  9.996252427072264135e-01
5.009150581690999596e-03  9.996238252347491304e-01
5.133588672328000257e-03  9.996236561845004420e-01
5.258259696789000133e-03  9.996220219922427042e-01
5.383149074044000365e-03  9.996193915021250875e-01
5.508243420171999964e-03  9.996185851122402211e-01
5.633530434621000088e-03  9.996155251869325298e-01
5.758998798594999573e-03  9.996148732064296105e-01
5.884638084182000108e-03  9.996134112624240897e-01
6.010438672999000170e-03  9.996114906275850309e-01
6.136391683262999719e-03  9.996084712680685103e-01
6.262488904350000350e-03  9.996068973174273564e-01
6.388722737989000096e-03  9.996043175504538691e-01
6.515086145359999872e-03  9.996023777551211742e-01
6.641572599444999815e-03  9.995997335323640876e-01
6.768176042050999715e-03  9.995978128320626155e-01
6.894890845002999737e-03  9.995959155282088116e-01
7.021711775059000411e-03  9.995938260496065597e-01
7.148633962150000021e-03  9.995915754868973657e-01
7.275652870596000313e-03  9.995895890435890774e-01
7.402764272986000170e-03  9.995876827328514791e-01
7.529964226447000142e-03  9.995859732689869048e-01
7.657249051066000040e-03  9.995842747331492584e-01
7.784615310232999817e-03  9.995826957184524852e-01
7.912059792728999563e-03  9.995813087611981063e-01
8.039579496370999681e-03  9.995799756513530365e-01
8.167171613081000009e-03  9.995788912110652458e-01
8.294833515222999401e-03  9.995778739240387400e-01
8.422562743093999285e-03  9.995771123562218197e-01
8.550356993464000577e-03  9.995764699177016599e-01
8.678214109063999218e-03  9.995761144141568355e-01
8.806132068927000761e-03  9.995759150193824771e-01
8.934108979523999738e-03  9.995758845890845290e-01
9.062143066591999210e-03  9.995759635446282987e-01
9.190232667627999327e-03  9.995764372074873449e-01
9.318376224960999224e-03  9.995770018253182787e-01
9.446572279365999386e-03  9.995775226897553045e-01
9.574819464171999486e-03  9.995785826590118939e-01
9.703116499816999765e-03  9.995796557988136932e-01
9.831462188820000447e-03  9.995810516804377599e-01
9.959855411119999252e-03  9.995824796807469825e-01
1.008829511978000075e-02  9.995841297545706716e-01
1.021678033697000047e-02  9.995860223191489480e-01
1.034531015031999943e-02  9.995879415489654640e-01
1.047388370943999961e-02  9.995902037600452594e-01
1.060250022276999944e-02  9.995926325000024093e-01
1.073115895460999974e-02  9.995952683111686277e-01
1.085985922240999962e-02  9.995981490868653951e-01
1.098860039418999950e-02  9.996011211566020460e-01
1.111738188619000069e-02  9.996043255150910412e-01
1.124620316066999963e-02  9.996076783567684476e-01
1.137506372386999989e-02  9.996112431104812179e-01
1.150396312408999942e-02  9.996148515205099949e-01
1.163290094995000044e-02  9.996186936574292803e-01
1.176187682873000052e-02  9.996226121839041356e-01
1.189089042483000049e-02  9.996267057172870674e-01
1.201994143836999929e-02  9.996308118484786842e-01
1.214902960386000062e-02  9.996353104362245556e-01
1.227815468893999999e-02  9.996394339737509904e-01
1.240731649329999964e-02  9.996436871875497010e-01
1.253651484754999927e-02  9.996482535131064884e-01
1.266574961227999972e-02  9.996524483285957885e-01
1.279502067711999966e-02  9.996569574779403666e-01
1.292432795990999979e-02  9.996613796527339391e-01
1.305367140590999939e-02  9.996656981781414375e-01
1.318305098705000074e-02  9.996701051638137159e-01
1.331246670127999958e-02  9.996744660453786846e-01
1.344191857196999976e-02  9.996786961669776872e-01
1.357140664729000051e-02  9.996828767566029450e-01
1.370093099973999917e-02  9.996871328579264304e-01
1.383049172560000054e-02  9.996913026727020091e-01
1.396008894457999999e-02  9.996951979296301305e-01
1.408972279935000009e-02  9.996993835435925568e-01
1.421939345521000021e-02  9.997032715371133582e-01
1.434910109974000050e-02  9.997071097101075665e-01
1.447884594253999978e-02  9.997107126612198025e-01
1.460862821494000006e-02  9.997146459845437372e-01
1.473844816978999925e-02  9.997183748534813619e-01
1.486830608124000037e-02  9.997218852567860692e-01
1.499820224458000076e-02  9.997256026929121075e-01
1.512813697609000085e-02  9.997289164423919239e-01
1.525811061291999955e-02  9.997325259851895796e-01
1.538812351298999952e-02  9.997357358829478402e-01
1.551817605492999963e-02  9.997392188843799987e-01
1.564826863800999890e-02  9.997427540145501501e-01
1.577840168214000166e-02  9.997458597709728556e-01
1.590857562784999887e-02  9.997493199441342959e-01
1.603879093630000002e-02  9.997524371300199331e-01
1.616904808933999904e-02  9.997555899423556935e-01
1.629934758952000101e-02  9.997587218513237506e-01
1.642968996023000047e-02  9.997618443003560840e-01
1.656007574574000149e-02  9.997650624353654480e-01
1.669050551136000080e-02  9.997682343212139777e-01
1.682097984349999881e-02  9.997713758682621465e-01
1.695149934990999863e-02  9.997746060806881330e-01
1.708206465977999897e-02  9.997774516210174989e-01
1.721267642394000083e-02  9.997801775895475140e-01
1.734333531508000167e-02  9.997835797745323605e-01
1.747404202794999861e-02  9.997867507533145792e-01
1.760479727958999888e-02  9.997898312701113399e-01
1.773560180961000071e-02  9.997927563082881219e-01
1.786645638042999931e-02  9.997958609009762743e-01
1.799736177757000136e-02  9.997990992631284879e-01
1.812831880995999928e-02  9.998020754814551658e-01
1.825932831026000000e-02  9.998053229210396298e-01
1.839039113519999949e-02  9.998082196428585977e-01
1.852150816590000110e-02  9.998113831021996356e-01
1.865268030827000115e-02  9.998143813850065564e-01
1.878390849339999988e-02  9.998174655902509755e-01
1.891519367793999956e-02  9.998204214502076637e-01
1.904653684451999840e-02  9.998239609388148708e-01
1.917793900221999998e-02  9.998274737324792660e-01
1.930940118696999885e-02  9.998302631620183956e-01
1.944092446208000105e-02  9.998338687207920517e-01
1.957250991870999879e-02  9.998368045265211279e-01
1.970415867634999971e-02  9.998398502476507632e-01
1.983587188339000149e-02  9.998432830274539551e-01
1.996765071763999949e-02  9.998463173425351513e-01
2.009949638692999987e-02  9.998493447691911840e-01
2.023141012965000082e-02  9.998527639281762358e-01
2.036339321537999902e-02  9.998557212360515978e-01
2.049544694551999960e-02  9.998587802961603765e-01
2.062757265393999964e-02  9.998618166213113501e-01
2.075977170765000088e-02  9.998649904077744344e-01
2.089204550745000014e-02  9.998683660755038893e-01
2.102439548872999872e-02  9.998713805151933087e-01
2.115682312211000088e-02  9.998739499537575570e-01
2.128932991428000160e-02  9.998775429530174508e-01
2.142191740872999989e-02  9.998791174587434716e-01
2.155458718659999939e-02  9.998826212312817985e-01
2.168734086748999937e-02  9.998852430850712070e-01
2.182018011032000118e-02  9.998876862795776921e-01
2.195310661425000157e-02  9.998901667410733385e-01
2.208612211956999943e-02  9.998929240494248694e-01
2.221922840864999985e-02  9.998951937871332074e-01
2.235242730690999852e-02  9.998981547032556039e-01
2.248572068386000058e-02  9.999004131540516482e-01
2.261911045408000059e-02  9.999027331360224036e-01
2.275259857834999871e-02  9.999054091906250941e-01
2.288618706471000006e-02  9.999080333723336933e-01
2.301987796961999996e-02  9.999093773928384721e-01
2.315367339912999950e-02  9.999117520600696585e-01
2.328757551005999904e-02  9.999143506773920942e-01
2.342158651132000141e-02  9.999165931093966231e-01
2.355570866511999886e-02  9.999180281343991172e-01
2.368994428833999868e-02  9.999204874101931262e-01
2.382429575390000026e-02  9.999225791812369479e-01
2.395876549215000123e-02  9.999239612751601447e-01
2.409335599236000006e-02  9.999268047049907349e-01
2.422806980419999964e-02  9.999275381852021916e-01
2.436290953932000042e-02  9.999307745490719768e-01
2.449787787292000141e-02  9.999330071872304382e-01
2.463297754543000012e-02  9.999343164382169524e-01
2.476821136421000075e-02  9.999371694893177676e-01
2.490358220533999897e-02  9.999371157321957915e-01
2.503909301539000015e-02  9.999397938874506897e-01
2.517474681337000114e-02  9.999416230604634137e-01
2.531054669261000034e-02  9.999443101451039873e-01
2.544649582281999917e-02  9.999452010974627658e-01
2.558259745214000111e-02  9.999473605217207295e-01
2.571885490932000057e-02  9.999508856440981752e-01
2.585527160588000153e-02  9.999527815774951200e-01
2.599185103848000028e-02  9.999536563665399891e-01
2.612859679121999970e-02  9.999556277225212231e-01
2.626551253816999942e-02  9.999562179961000163e-01
2.640260204585000159e-02  9.999592431869888109e-01
2.653986917587999872e-02  9.999608903831249673e-01
2.667731788772000068e-02  9.999637749047070034e-01
2.681495224146999978e-02  9.999642388796284864e-01
2.695277640075999931e-02  9.999653377955680655e-01
2.709079463584999903e-02  9.999680100295242902e-01
2.722901132665999854e-02  9.999694895182188459e-01
2.736743096610000023e-02  9.999713156447446183e-01
2.750605816338000040e-02  9.999739362939951137e-01
2.764489764752000103e-02  9.999744144709000748e-01
2.778395427093999920e-02  9.999770943983676830e-01
2.792323301322999912e-02  9.999784522947030574e-01
2.806273898504000122e-02  9.999801276600743805e-01
2.820247743211000066e-02  9.999813427325925375e-01
2.834245373945000132e-02  9.999821383890004078e-01
2.848267343569000146e-02  9.999844222774960656e-01
2.862314219762000095e-02  9.999867882291251231e-01
2.876386585487999970e-02  9.999878787427785021e-01
2.890485039480000101e-02  9.999872639287236131e-01
2.904610196752999834e-02  9.999904983966175775e-01
2.918762689124999865e-02  9.999916131524257956e-01
2.932943165771999955e-02  9.999936126335248199e-01
2.947152293793999997e-02  9.999942497762596139e-01
2.961390758808999865e-02  9.999954764616165725e-01
2.975659265573999887e-02  9.999968979148623482e-01
2.989958538628000040e-02  9.999959740204631409e-01
3.004289322959999980e-02  9.999984208452352696e-01
3.018652384714999928e-02  1.000001912067312038e+00
3.033048511914999967e-02  1.000002162932831284e+00
3.047478515225000156e-02  1.000003163903596892e+00
3.061943228741999951e-02  1.000004943089504383e+00
3.076443510827999925e-02  1.000006139730586829e+00
3.090980244969000063e-02  1.000006783869936244e+00
3.105554340678000000e-02  1.000010484744591199e+00
3.120166734441999837e-02  1.000009900203375546e+00
3.134818390704000035e-02  1.000011512490628585e+00
3.149510302894999864e-02  1.000011450338448737e+00
3.164243494511000121e-02  1.000012726897739679e+00
3.179019020242000032e-02  1.000015790538608007e+00
3.193837967153000112e-02  1.000017239943479463e+00
3.208701455920000278e-02  1.000015631724921139e+00
3.223610642127999748e-02  1.000019215684083251e+00
3.238566717629000336e-02  1.000020805375748001e+00
3.253570911963000328e-02  1.000021177510515669e+00
3.268624493859000057e-02  1.000022834021846441e+00
3.283728772802999712e-02  1.000024769954964254e+00
3.298885100678999871e-02  1.000025555211156769e+00
3.314094873512000300e-02  1.000025522400625588e+00
3.329359533278000022e-02  1.000027479001624364e+00
3.344680569823999666e-02  1.000027038452833805e+00
3.360059522879999677e-02  1.000030507730657714e+00
3.375497984182999900e-02  1.000028970742217194e+00
3.390997599705000004e-02  1.000030576609534982e+00
3.406560072012999874e-02  1.000031313310699721e+00
3.422187162749999734e-02  1.000035161496532155e+00
3.437880695251999824e-02  1.000033990269202144e+00
3.453642557319999695e-02  1.000033876005610001e+00
3.469474704132000098e-02  1.000036272283134631e+00
3.485379161339999948e-02  1.000036346922099195e+00
3.501358028327999916e-02  1.000037521847001454e+00
3.517413481672999886e-02  1.000038105985165071e+00
3.533547778802999945e-02  1.000040849154320455e+00
3.549763261872000003e-02  1.000038544697689158e+00
3.566062361875999703e-02  1.000041675499274918e+00
3.582447603009000087e-02  1.000040620762390198e+00
3.598921607303000314e-02  1.000042550944911790e+00
3.615487099543000099e-02  1.000043758629113766e+00
3.632146912502000335e-02  1.000044826113210439e+00
3.648903992511000338e-02  1.000046801188543277e+00
3.665761405383999999e-02  1.000048087180562595e+00
3.682722342743999927e-02  1.000048438963693886e+00
3.699790128754999741e-02  1.000048567762035878e+00
3.716968227324000257e-02  1.000050204705521306e+00
3.734260249780999713e-02  1.000051099046150860e+00
3.751669963096999905e-02  1.000052306416832071e+00
3.769201298682999662e-02  1.000051826562873059e+00
3.786858361806000328e-02  1.000052346481710153e+00
3.804645441686999724e-02  1.000054215297689897e+00
3.822567022342000104e-02  1.000055108722465169e+00
3.840627794222999797e-02  1.000055939913343739e+00
3.858832666729999916e-02  1.000056742327682491e+00
3.877186781690000056e-02  1.000056798336014685e+00
3.895695527867999719e-02  1.000057413087321878e+00
3.914364556626000191e-02  1.000058113768314660e+00
3.933199798829999788e-02  1.000059073045889813e+00
3.952207483123999776e-02  1.000060349197803067e+00
3.971394155716000129e-02  1.000060093913607950e+00
3.990766701809000255e-02  1.000062285738990475e+00
4.010332368858000179e-02  1.000062394699345658e+00
4.030098791834999666e-02  1.000062619394231689e+00
4.050074020709999723e-02  1.000064111423731417e+00
4.070266550388999816e-02  1.000063500951141826e+00
4.090685353359999749e-02  1.000066969108491133e+00
4.111339915369000009e-02  1.000065745260947825e+00
4.132240274433000154e-02  1.000066427151989679e+00
4.153397063597000227e-02  1.000067292241355155e+00
4.174821557852000098e-02  1.000067639791041296e+00
4.196525725702000137e-02  1.000068988543351356e+00
4.218522285956000095e-02  1.000068268541523864e+00
4.240824770355999807e-02  1.000067037067749576e+00
4.263447592792000279e-02  1.000071486777551089e+00
4.286406125922000154e-02  1.000071362271830022e+00
4.309716786165999902e-02  1.000071703123861289e+00
4.333397128174999724e-02  1.000072045607203863e+00
4.357465950051000320e-02  1.000072632542316153e+00
4.381943410790999777e-02  1.000073096416717933e+00
4.406851161684999935e-02  1.000073708688612673e+00
4.432212493648000212e-02  1.000076523587805744e+00
4.458052502838000253e-02  1.000073824159706470e+00
4.484398277283999784e-02  1.000074623050325462e+00
4.511279107759000317e-02  1.000075179442818429e+00
4.538726726667000055e-02  1.000075134561228207e+00
4.566775579463999701e-02  1.000077914323277639e+00
4.595463133929000160e-02  1.000077756040456345e+00
4.624830233663999868e-02  1.000075512650330234e+00
4.654921503408000066e-02  1.000078423499166425e+00
4.685785815345999694e-02  1.000077889964047229e+00
4.717476827401000106e-02  1.000078431573256266e+00
4.750053606894000247e-02  1.000078850524583007e+00
4.783581355791000078e-02  1.000079080744531668e+00
4.818132257383000300e-02  1.000079973710598313e+00
4.853786468702000340e-02  1.000081295661835901e+00
4.890633288654999689e-02  1.000082139951140814e+00
4.928772538928000158e-02  1.000080822128196489e+00
4.968316203728000147e-02  1.000078929751149204e+00
5.009390385819000036e-02  1.000081294376031549e+00
5.052137650847000200e-02  1.000080087125694739e+00
5.096719850402999658e-02  1.000080139047838879e+00
5.143321537908999985e-02  1.000080876782253769e+00
5.192154121359000146e-02  1.000079722946165539e+00
5.243460934988999900e-02  1.000081269179233567e+00
5.297523459616999830e-02  1.000081188974506485e+00
5.354668980206000323e-02  1.000080236566450287e+00
5.415280039525000033e-02  1.000080414346188551e+00
5.479806126371999930e-02  1.000079479769130586e+00
5.548778116795999998e-02  1.000079104008892550e+00
5.622826045215999907e-02  1.000077453650506598e+00
5.702700769497000277e-02  1.000075939381254608e+00
5.789299907474999840e-02  1.000076296254575947e+00
5.883697860052999884e-02  1.000074525242321100e+00
5.987178421872999673e-02  1.000072817962519789e+00
6.101265764434000288e-02  1.000070530788434553e+00
6.227744465859000322e-02  1.000068691770690243e+00
6.368650619330000484e-02  1.000064899361183812e+00
6.526203690345000474e-02  1.000062304576564420e+00
6.702636643209000655e-02  1.000057955851048508e+00
6.899883823334000688e-02  1.000053238134544609e+00
7.119129344315000552e-02  1.000047802811739661e+00
7.360324982077999512e-02  1.000042194019036712e+00
7.621912507309999696e-02  1.000036449251472614e+00
7.900984719181000648e-02  1.000030715021316574e+00
8.193885578885000409e-02  1.000025542214427965e+00
8.496953534904999605e-02  1.000018393923715276e+00
8.807063744722000431e-02  1.000013980718770679e+00
9.121838594007999901e-02  1.000009602169287914e+00
9.439608098179999573e-02  1.000005251272594986e+00
9.759260623873000640e-02  1.000001976258603431e+00
1.008008158128999993e-01  9.999980906542991210e-01
1.040162166105999958e-01  9.999944073485422802e-01
1.072360221697999938e-01  9.999902077056704863e-01
1.104585189615999996e-01  9.999846249745997229e-01
1.136826586143999951e-01  9.999803889637244314e-01
1.169078016268999959e-01  9.999750853486764068e-01
1.201335585433999931e-01  9.999690260856609614e-01
1.233596923541999957e-01  9.999614743752105461e-01
1.265860588253999996e-01  9.999541971130306850e-01
1.298125701273999955e-01  9.999469794774029641e-01
1.330391727075999897e-01  9.999394621203638867e-01
1.362658338407999881e-01  9.999318265250424220e-01
1.394925334613000001e-01  9.999249791457558434e-01
1.427192592022999973e-01  9.999187948349578248e-01
1.459460033840999926e-01  9.999125713228980139e-01
1.491727611852000090e-01  9.999070850957425538e-01
1.523995295312000064e-01  9.999024724504591566e-01
1.556263064193000034e-01  9.998977802486918032e-01
1.588530905077999988e-01  9.998941267428295143e-01
1.620798808656999934e-01  9.998898951472892094e-01
1.653066768196999881e-01  9.998868092836540322e-01
1.685334778614999973e-01  9.998835962414882594e-01
1.717602835896999969e-01  9.998797002963125680e-01
1.749870936742999872e-01  9.998758895502600774e-01
1.782139078353000006e-01  9.998719728323929301e-01
1.814407258281000024e-01  9.998680054417801166e-01
1.846675474346000101e-01  9.998623767102045035e-01
1.878943724577999963e-01  9.998568142410954040e-01
1.911212007174999949e-01  9.998522261046283166e-01
1.943480320477999901e-01  9.998475394564714236e-01
1.975748662948000056e-01  9.998407045977325547e-01
2.008017033155999886e-01  9.998348818754935197e-01
2.040285429767000058e-01  9.998327167736946741e-01
2.072553851534000013e-01  9.998245514318021554e-01
2.104822297288999888e-01  9.998224634136440026e-01
2.137090765934999970e-01  9.998182498667143037e-01
2.169359256440999972e-01  9.998147608738847669e-01
2.201627767840000083e-01  9.998126822790047719e-01
2.233896299218000037e-01  9.998103946027289135e-01
2.266164849717000052e-01  9.998090452593298982e-01
2.298433418523999905e-01  9.998047074239528875e-01
2.330702004874999900e-01  9.998021153454518251e-01
2.362970608044999976e-01  9.997999555665256777e-01
2.395239227350000055e-01  9.997968053375329012e-01
2.427507862143999939e-01  9.997932507782363309e-01
2.459776511810999877e-01  9.997896533216414916e-01
2.492045175769999898e-01  9.997855434444310463e-01
2.524313853471000235e-01  9.997803223437231601e-01
2.556582544389000011e-01  9.997757874777539744e-01
2.588851248026999841e-01  9.997698443743336938e-01
2.621119963913000062e-01  9.997655115678286686e-01
2.653388691595999771e-01  9.997592008624003324e-01
2.685657430649999733e-01  9.997561317943526316e-01
2.717926180665999891e-01  9.997493098583551951e-01
2.750194941256999814e-01  9.997440375546218227e-01
2.782463712052000160e-01  9.997392618114571139e-01
2.814732492699000277e-01  9.997351987344234026e-01
2.847001282860999738e-01  9.997308000720093180e-01
2.879270082215000248e-01  9.997265145416874832e-01
2.911538890456000228e-01  9.997226468183771919e-01
2.943807707287999786e-01  9.997200873498109930e-01
2.976076532431999877e-01  9.997168654182445602e-01
3.008345365617000056e-01  9.997140872738147221e-01
3.040614206587000101e-01  9.997109887292362496e-01
3.072883055094999816e-01  9.997080865497023350e-01
3.105151910905000201e-01  9.997030407640782323e-01
3.137420773790999817e-01  9.997000962214702691e-01
3.169689643535000267e-01  9.996962574523178269e-01
3.201958519927999847e-01  9.996918160603242010e-01
3.234227402772000270e-01  9.996863123629023962e-01
3.266496291873000057e-01  9.996825690262872710e-01
3.298765187048000036e-01  9.996778175500348196e-01
3.331034088118999814e-01  9.996728570818347315e-01
3.363302994915000066e-01  9.996678492063745258e-01
3.395571907271999756e-01  9.996628979618948918e-01
3.427840825033000027e-01  9.996578659238241071e-01
3.460109748044999933e-01  9.996535183869432739e-01
3.492378676162999906e-01  9.996491076981418589e-01
3.524647609245999957e-01  9.996446312357751829e-01
3.556916547157000230e-01  9.996400882006435396e-01
3.589185489767000026e-01  9.996362815039598892e-01
3.621454436948000066e-01  9.996331373640680029e-01
3.653723388580000231e-01  9.996294732050470255e-01
3.685992344544000154e-01  9.996271011406786533e-01
3.718261304727999983e-01  9.996227088064293387e-01
3.750530269023000240e-01  9.996181132982222550e-01
3.782799237321000096e-01  9.996139714391804043e-01
3.815068209522999854e-01  9.996095014876449358e-01
3.847337185527999748e-01  9.996052484498755275e-01
3.879606165241999971e-01  9.996012870886785695e-01
3.911875148571999916e-01  9.995959919872884347e-01
3.944144135429000220e-01  9.995910036713854252e-01
3.976413125727999986e-01  9.995870340282673183e-01
4.008682119383999987e-01  9.995825827171939126e-01
4.040951116316999769e-01  9.995761558781262046e-01
4.073220116449000061e-01  9.995709170425398638e-01
4.105489119703999989e-01  9.995679004877572327e-01
4.137758126007999859e-01  9.995625327109119995e-01
4.170027135291000109e-01  9.995579373806089407e-01
4.202296147483999822e-01  9.995535274855433805e-01
4.234565162519000059e-01  9.995484719281815256e-01
4.266834180333000104e-01  9.995446772929932333e-01
4.299103200862000040e-01  9.995396760040291539e-01
4.331372224046000086e-01  9.995360591284803142e-01
4.363641249824999901e-01  9.995306032528952223e-01
4.395910278142000083e-01  9.995256325438208744e-01
4.428179308940999870e-01  9.995222708125757194e-01
4.460448342168000235e-01  9.995165743258044300e-01
4.492717377771999754e-01  9.995138938898187053e-01
4.524986415700000264e-01  9.995083966835476286e-01
4.557255455902999852e-01  9.995032892279440695e-01
4.589524498333000246e-01  9.994996995139753260e-01
4.621793542943000155e-01  9.994953974382625450e-01
4.654062589688999774e-01  9.994894432585824662e-01
4.686331638524000032e-01  9.994857976483009221e-01
4.718600689406999837e-01  9.994800976401556625e-01
4.750869742295000253e-01  9.994746504330496162e-01
4.783138797149000254e-01  9.994707649923220139e-01
4.815407853927000104e-01  9.994642284504053897e-01
4.847676912591999954e-01  9.994606265349924579e-01
4.879945973106999957e-01  9.994533081317363843e-01
4.912215035433000199e-01  9.994506609656000906e-01
4.944484099536999855e-01  9.994468286909652388e-01
4.976753165382999944e-01  9.994411265277737266e-01
5.009022232937000441e-01  9.994365097837208944e-01
5.041291302167000277e-01  9.994304447501415334e-01
5.073560373040000293e-01  9.994278327691397124e-01
5.105829445526000043e-01  9.994215215804829189e-01
5.138098519592999569e-01  9.994162949419400643e-01
5.170367595211999845e-01  9.994114747198308280e-01
5.202636672354999936e-01  9.994068435423327790e-01
5.234905750992000506e-01  9.994017231747390761e-01
5.267174831095999821e-01  9.993974799336101666e-01
5.299443912640999788e-01  9.993921839930963724e-01
5.331712995599999783e-01  9.993855441441276133e-01
5.363982079947999804e-01  9.993789325469203400e-01
5.396251165658999538e-01  9.993768986329187864e-01
5.428520252709000404e-01  9.993710706562004553e-01
5.460789341074999692e-01  9.993655910665801834e-01
5.493058430731999620e-01  9.993605583271332193e-01
5.525327521659000318e-01  9.993545098485674405e-01
5.557596613834000498e-01  9.993489595428252104e-01
5.589865707233999670e-01  9.993457943873120808e-01
5.622134801838000184e-01  9.993358740116454753e-01
5.654403897626000264e-01  9.993333089900258148e-01
5.686672994577000040e-01  9.993278504943751139e-01
5.718942092672999467e-01  9.993230579177553308e-01
5.751211191891999475e-01  9.993160661967085412e-01
5.783480292217999530e-01  9.993105945380058586e-01
5.815749393629999764e-01  9.993075576976524488e-01
5.848018496111999642e-01  9.993007343845518031e-01
5.880287599644999919e-01  9.992946207889699117e-01
5.912556704211999747e-01  9.992906255057814047e-01
5.944825809796000504e-01  9.992844014037001177e-01
5.977094916381999745e-01  9.992794926862474947e-01
6.009364023951999645e-01  9.992745688582798103e-01
6.041633132489999669e-01  9.992677210721613301e-01
6.073902241981999905e-01  9.992628808249902628e-01
6.106171352411999820e-01  9.992552166482455700e-01
6.138440463765999500e-01  9.992511717083000233e-01
6.170709576027999521e-01  9.992471356727462561e-01
6.202978689183999972e-01  9.992406994559002165e-01
6.235247803222000451e-01  9.992343132021535013e-01
6.267516918126000425e-01  9.992302759456314076e-01
6.299786033883999492e-01  9.992231187634662559e-01
6.332055150483000272e-01  9.992157456012479289e-01
6.364324267908999522e-01  9.992105444742910292e-01
6.396593386151000482e-01  9.992041898015535661e-01
6.428862505194999910e-01  9.991990233132613808e-01
6.461131625031000247e-01  9.991930535699999893e-01
6.493400745645000471e-01  9.991870566428183720e-01
6.525669867026999693e-01  9.991817657999267910e-01
6.557938989164999732e-01  9.991734134587337834e-01
6.590208112047000188e-01  9.991671614892703168e-01
6.622477235664000483e-01  9.991624986390769125e-01
6.654746360004000216e-01  9.991553013520918514e-01
6.687015485056999609e-01  9.991491807246879464e-01
6.719284610811999681e-01  9.991434588804960493e-01
6.751553737259999854e-01  9.991364115380028110e-01
6.783822864390000040e-01  9.991313875446862225e-01
6.816091992193999971e-01  9.991246923849856909e-01
6.848361120660000356e-01  9.991176842830026272e-01
6.880630249779999819e-01  9.991122216649690468e-01
6.912899379545000000e-01  9.991046969337212813e-01
6.945168509946000324e-01  9.990989648483956653e-01
6.977437640974000210e-01  9.990925043294394126e-01
7.009706772620000192e-01  9.990847821834626385e-01
7.041975904874999692e-01  9.990802018619601155e-01
7.074245037731999863e-01  9.990724593749645832e-01
7.106514171182000128e-01  9.990669724987932820e-01
7.138783305217000219e-01  9.990596086847579604e-01
7.171052439830000180e-01  9.990538385591888337e-01
7.203321575011000233e-01  9.990472171450432981e-01
7.235590710754999932e-01  9.990421117907740678e-01
7.267859847051999500e-01  9.990344997651351422e-01
7.300128983896999602e-01  9.990281192850476444e-01
7.332398121280999659e-01  9.990202570556833139e-01
7.364667259196999716e-01  9.990148632315787314e-01
7.396936397639000127e-01  9.990058359876633487e-01
7.429205536599999826e-01  9.989995178279275079e-01
7.461474676072999968e-01  9.989946617194881417e-01
7.493743816050999484e-01  9.989885140305853062e-01
7.526012956527999842e-01  9.989806536403735837e-01
7.558282097496999974e-01  9.989735432518898062e-01
8.254806518856000475e-01  9.988129034178319099e-01
9.260324282667999896e-01  9.985627036188390315e-01
1.085583888009000075e+00  9.980921538522228298e-01
1.338472251580000050e+00  9.971744712445546055e-01
1.682645512349999928e+00  9.955462488608419758e-01
2.118282857740000136e+00  9.927498170580583148e-01
2.666759973752999890e+00  9.880406231125559158e-01
3.357251898043999816e+00  9.801034922949491968e-01
4.226529728242000239e+00  9.668212104297807530e-01
5.320885678586999568e+00  9.448924868863187720e-01
6.698598194024000030e+00  9.095951121423527796e-01
8.433035489855999600e+00  8.547520875210663505e-01
1.061656267673999920e+01  7.740343013938985051e-01
1.336546053966000080e+01  6.641046910249351898e-01
1.682611791369999921e+01  5.297502478610760512e-01
2.118282742341000002e+01  3.845376604063560078e-01
2.666759973698000152e+01  2.511269098516552556e-01
3.357251898044000171e+01  1.452961343123372051e-01
4.226529728242000061e+01  7.515155874926393587e-02
5.320885678586999745e+01  3.487271157239767161e-02
6.698598194024999941e+01  1.463609882100416065e-02
8.433035489856000311e+01  5.393709329567999630e-03
1.061656267673999992e+02  1.221114503615063421e-03
