2.342383275828999837e-05  9.996156857165732212e-01
3.640294218599000203e-05  9.996156795730902767e-01
4.946310476407000207e-05  9.996156594171281551e-01
6.264011373476999808e-05  9.996156492736750776e-01
7.597067105432000090e-05  9.996156320387902250e-01
8.949271950612999900e-05  9.996156148999330027e-01
1.032457896315999935e-04  9.996155992803591461e-01
1.172713659626999999e-04  9.996155559970738569e-01
1.316132770742999881e-04  9.996155522517605752e-01
1.463181139790999932e-04  9.996155060840912210e-01
1.614356813218000052e-04  9.996154971093638153e-01
1.770194856410000099e-04  9.996154648150468169e-01
1.931272645739999928e-04  9.996154231255640621e-01
2.098215601834999922e-04  9.996153811438516223e-01
2.271703384485999921e-04  9.996153312546538494e-01
2.452476552071999969e-04  9.996152691820444636e-01
2.641343662248000134e-04  9.996152139780530854e-01
2.839188753260000250e-04  9.996151490942921658e-01
3.046979092923000247e-04  9.996150685683021786e-01
3.265773011259999904e-04  9.996149801243662258e-01
3.496727538686000142e-04  9.996148795519028685e-01
3.741105450691000248e-04  9.996147646590795022e-01
4.000281169664999885e-04  9.996146194659419892e-01
4.275744795392999887e-04  9.996144892823379813e-01
4.569103333916000134e-04  9.996143194932003428e-01
4.882077985049000017e-04  9.996141341757496246e-01
5.216496159547000114e-04  9.996138908097761400e-01
5.574276772372000095e-04  9.996136624946790894e-01
5.957407361366999759e-04  9.996133686200859847e-01
6.367911788968999478e-04  9.996130325178951281e-01
6.807807780551999909e-04  9.996126550444272008e-01
7.279054399739000227e-04  9.996122130209511569e-01
7.783490768936999690e-04  9.996117034013917158e-01
8.322768829908000097e-04  9.996111125300064515e-01
8.898284499827999964e-04  9.996104533896671418e-01
9.511112889569999646e-04  9.996096906391914727e-01
1.016195392757000002e-03  9.996088276961594410e-01
1.085109444020999989e-03  9.996078279141772382e-01
1.157839133335999927e-03  9.996066944094097462e-01
1.234327814821999927e-03  9.996054263567305531e-01
1.314479437245999948e-03  9.996040257647167415e-01
1.398163409875000053e-03  9.996049504955422105e-01
1.485220853338999926e-03  9.996069172858930152e-01
1.575471584609999896e-03  9.996086739569691737e-01
1.668721197879999892e-03  9.996102309613189574e-01
1.764767706794000048e-03  9.996116230019934656e-01
1.863407369330000044e-03  9.996128723364255952e-01
1.964439484118000144e-03  9.996139990785842810e-01
2.067670095204999885e-03  9.996150209061543945e-01
2.172914654072999937e-03  9.996159869775496087e-01
2.279999758921999898e-03  9.996168572248571582e-01
2.388764126236999838e-03  9.996176810405259516e-01
2.499058957278000107e-03  9.996184194505960408e-01
2.610747851833000038e-03  9.996191811345584988e-01
2.723706401509999944e-03  9.996198801776441378e-01
2.837821571082999820e-03  9.996205467567245151e-01
2.952990952873000077e-03  9.996212004521247696e-01
3.069121957980999824e-03  9.996218125151469236e-01
3.186130990431999994e-03  9.996223644874283609e-01
3.303942636004000150e-03  9.996229685284373501e-01
3.422488886526999820e-03  9.996234682718032616e-01
3.541708412216999866e-03  9.996239568833913403e-01
3.661545888675999966e-03  9.996244017349668054e-01
3.781951381008999934e-03  9.996248178514539617e-01
3.902879784709999827e-03  9.996250190282053305e-01
4.024290321149999634e-03  9.996251715520982906e-01
4.146146084392000192e-03  9.996252519083873578e-01
4.268413635507999938e-03  9.996251287629522864e-01
4.391062640297999781e-03  9.996248430916030436e-01
4.514065546336000143e-03  9.996244782809674545e-01
4.637397295398000031e-03  9.996238476591824407e-01
4.761035067573000414e-03  9.996228092704348978e-01
4.884958053625000282e-03  9.996218985726575967e-01
5.009147252479999833e-03  9.996204598580202827e-01
5.133585291015999898e-03  9.996203259263387597e-01
5.258256263619000108e-03  9.996186727045736076e-01
5.383145589241000381e-03  9.996160553542583482e-01
5.508239883945999574e-03  9.996152309255470492e-01
5.633526847165000288e-03  9.996121879070617444e-01
5.758995160088999608e-03  9.996115134149515802e-01
5.884634394794000141e-03  9.996100679381260123e-01
6.010434932885000414e-03  9.996080435206236015e-01
6.136387892566999569e-03  9.996051377116518255e-01
6.262485063207000324e-03  9.996035499797849555e-01
6.388718846525000099e-03  9.996010126600030077e-01
6.515082203694000200e-03  9.995990464760885486e-01
6.641568607686000082e-03  9.995964281715031818e-01
6.768172000301999995e-03  9.995944845544877388e-01
6.894886753359999627e-03  9.995925406626735565e-01
7.021707633613000037e-03  9.995905423210535989e-01
7.148629770984999895e-03  9.995881824474989186e-01
7.275648629790999744e-03  9.995863116284890992e-01
7.402759982614999859e-03  9.995843343306143325e-01
7.529959886579999651e-03  9.995826029015711933e-01
7.657244661768000324e-03  9.995808524865728018e-01
7.784610871565999894e-03  9.995792893509279908e-01
7.912055304748999776e-03  9.995779276253211609e-01
8.039574959132999438e-03  9.995765990542020418e-01
8.167167026636000179e-03  9.995755618589120539e-01
8.294828879618999784e-03  9.995744724026477401e-01
8.422558058374999407e-03  9.995737564071744963e-01
8.550352259673000763e-03  9.995730806994060913e-01
8.678209326239999521e-03  9.995728772234064863e-01
8.806127237108000300e-03  9.995725599978336762e-01
8.934104098744000827e-03  9.995725212191723941e-01
9.062138136885000694e-03  9.995727137307388599e-01
9.190227689023999780e-03  9.995730552382692258e-01
9.318371197488999752e-03  9.995735574050692573e-01
9.446567203052999226e-03  9.995742249230391563e-01
9.574814339044000408e-03  9.995752144851082210e-01
9.703111325897999934e-03  9.995761137760212911e-01
9.831456966131000424e-03  9.995775690966668403e-01
9.959850139683000536e-03  9.995789670033694563e-01
1.008828979961000002e-02  9.995806787635738155e-01
1.021677496809000017e-02  9.995825665928834702e-01
1.034530473274999918e-02  9.995846573554119097e-01
1.047387824319000009e-02  9.995868811712084190e-01
1.060249470784999960e-02  9.995892607754186532e-01
1.073115339103999921e-02  9.995919462752752560e-01
1.085985361020999976e-02  9.995948237998277808e-01
1.098859473336000030e-02  9.995977894394409979e-01
1.111737617673999937e-02  9.996010392942361600e-01
1.124619740261000034e-02  9.996044478085946983e-01
1.137505791720999984e-02  9.996079574703606863e-01
1.150395726883000035e-02  9.996114389938230982e-01
1.163289504611000023e-02  9.996154317001298972e-01
1.176187087630000024e-02  9.996192780542416667e-01
1.189088442382999974e-02  9.996234066580823585e-01
1.201993538879999983e-02  9.996275210595209071e-01
1.214902350571000003e-02  9.996316983697558500e-01
1.227814854222999963e-02  9.996360259570684637e-01
1.240731029802000056e-02  9.996404357582543421e-01
1.253650860371000042e-02  9.996448107624871238e-01
1.266574331987000042e-02  9.996492122975164651e-01
1.279501433615000058e-02  9.996536704150513764e-01
1.292432157037999921e-02  9.996580903758278680e-01
1.305366496781000009e-02  9.996623613958406374e-01
1.318304450037000031e-02  9.996666717731693685e-01
1.331246016603999938e-02  9.996712301949240986e-01
1.344191198815000016e-02  9.996752710478222781e-01
1.357140001488999978e-02  9.996796861319779959e-01
1.370092431875000009e-02  9.996837601651603622e-01
1.383048499601999964e-02  9.996878002743114777e-01
1.396008216641000076e-02  9.996918091197852796e-01
1.408971597258000009e-02  9.996959062110084560e-01
1.421938657981999983e-02  9.996997765806963088e-01
1.434909417572999973e-02  9.997036330292307094e-01
1.447883896991000036e-02  9.997075479557030464e-01
1.460862119367000063e-02  9.997111988735056798e-01
1.473844109987999980e-02  9.997151362156735388e-01
1.486829896266999955e-02  9.997185066224407723e-01
1.499819507735000029e-02  9.997222592997374591e-01
1.512812976017999939e-02  9.997256685155962996e-01
1.525810334831999987e-02  9.997291709503444146e-01
1.538811619968999921e-02  9.997324383640638912e-01
1.551816869291000080e-02  9.997358750746839773e-01
1.564826122727000154e-02  9.997394452707411006e-01
1.577839422265999922e-02  9.997424322727320734e-01
1.590856811961999934e-02  9.997456095528244324e-01
1.603878337929999856e-02  9.997492349822456603e-01
1.616904048353999881e-02  9.997521752111971916e-01
1.629933993491999855e-02  9.997552935764300042e-01
1.642968225681000136e-02  9.997584604748809278e-01
1.656006799348999983e-02  9.997616671630781271e-01
1.669049771024000081e-02  9.997648894997065439e-01
1.682097199351000050e-02  9.997679697430548185e-01
1.695149145103000063e-02  9.997710295659333335e-01
1.708205671198000097e-02  9.997740211317143189e-01
1.721266842721000043e-02  9.997768860048281692e-01
1.734332726938999855e-02  9.997804016272991978e-01
1.747403393327999835e-02  9.997832387152336686e-01
1.760478913592000011e-02  9.997866355471919375e-01
1.773559361691999861e-02  9.997894136932611309e-01
1.786644813868000156e-02  9.997925608718928325e-01
1.799735348674999860e-02  9.997957351124832082e-01
1.812831047004000162e-02  9.997987029244985724e-01
1.825931992121999914e-02  9.998016667563761617e-01
1.839038269699999964e-02  9.998043774042368881e-01
1.852149967852000090e-02  9.998079522589028434e-01
1.865267177168999924e-02  9.998110433657775298e-01
1.878389990758999942e-02  9.998137648168761160e-01
1.891518504286000130e-02  9.998170729064793649e-01
1.904652816013999855e-02  9.998206028444569515e-01
1.917793026851000171e-02  9.998242393402727579e-01
1.930939240389999839e-02  9.998273420138172884e-01
1.944091562962000155e-02  9.998296969424322889e-01
1.957250103682000100e-02  9.998337512494459567e-01
1.970414974499999985e-02  9.998362806102037981e-01
1.983586290254000031e-02  9.998403882159988543e-01
1.996764168726000016e-02  9.998429130784965979e-01
2.009948730697999966e-02  9.998457497744445144e-01
2.023140100009000047e-02  9.998493421262086844e-01
2.036338403616999929e-02  9.998525613741929829e-01
2.049543771662000122e-02  9.998551368034384046e-01
2.062756337531999884e-02  9.998583244728987962e-01
2.075976237925000051e-02  9.998616855397046699e-01
2.089203612923999989e-02  9.998650665559094541e-01
2.102438606066000040e-02  9.998676335333588350e-01
2.115681364413999829e-02  9.998704508150660919e-01
2.128932038636000001e-02  9.998741781125944916e-01
2.142190783081000111e-02  9.998763270140127446e-01
2.155457755864000069e-02  9.998791873849173228e-01
2.168733118943000013e-02  9.998819766681541488e-01
2.182017038210999973e-02  9.998846144174884376e-01
2.195309683584999866e-02  9.998871700308674670e-01
2.208611229092000139e-02  9.998894002860553298e-01
2.221921852968999911e-02  9.998917143264440810e-01
2.235241737759000036e-02  9.998945081039776195e-01
2.248571070412000092e-02  9.998972629001892098e-01
2.261910042387000122e-02  9.998996502814693210e-01
2.275258849760000007e-02  9.999020626049656135e-01
2.288617693337000047e-02  9.999041574867219007e-01
2.301986778761999988e-02  9.999067252953358631e-01
2.315366316639999936e-02  9.999089486789356496e-01
2.328756522654000169e-02  9.999110369799477649e-01
2.342157617694000035e-02  9.999128420943652618e-01
2.355569827982000042e-02  9.999141682119436769e-01
2.368993385204000088e-02  9.999171821455502540e-01
2.382428526653000006e-02  9.999192612148680714e-01
2.395875495365000149e-02  9.999211185026550819e-01
2.409334540263999985e-02  9.999238420402467575e-01
2.422805916319999836e-02  9.999246218636930195e-01
2.436289884694000166e-02  9.999265740201029873e-01
2.449786712908999867e-02  9.999292012461070689e-01
2.463296675005999942e-02  9.999309121475445927e-01
2.476820051722999905e-02  9.999341101060168491e-01
2.490357130664999988e-02  9.999342259147118162e-01
2.503908206491000168e-02  9.999366587128896144e-01
2.517473581099999996e-02  9.999382781462328174e-01
2.531053563827000141e-02  9.999408280868762322e-01
2.544648471640000020e-02  9.999419243648610678e-01
2.558258629356000013e-02  9.999433402012729566e-01
2.571884369846999877e-02  9.999465315559169509e-01
2.585526034265999903e-02  9.999484662853508343e-01
2.599183972279000068e-02  9.999503398793806452e-01
2.612858542295000072e-02  9.999515478253925282e-01
2.626550111720999878e-02  9.999540772352277784e-01
2.640259057208000151e-02  9.999559011696482758e-01
2.653985764919999935e-02  9.999578646085938161e-01
2.667730630801000077e-02  9.999601015627711531e-01
2.681494060859999917e-02  9.999605267826477961e-01
2.695276471461999918e-02  9.999619708822793385e-01
2.709078289630000025e-02  9.999642806841470000e-01
2.722899953357999989e-02  9.999661793454940328e-01
2.736741911936000152e-02  9.999679272207395719e-01
2.750604626283999904e-02  9.999695120253909719e-01
2.764488569304000137e-02  9.999714927057685721e-01
2.778394226237999864e-02  9.999733000768691316e-01
2.792322095043999960e-02  9.999759208745653272e-01
2.806272686788000015e-02  9.999760146821159434e-01
2.820246526042000101e-02  9.999770026569267944e-01
2.834244151306999915e-02  9.999800416619208931e-01
2.848266115445999974e-02  9.999813235240530007e-01
2.862312986137999921e-02  9.999821905408136091e-01
2.876385346344999955e-02  9.999850266984897651e-01
2.890483794801999851e-02  9.999843165651473020e-01
2.904608946521999857e-02  9.999878963635668860e-01
2.918761433322999976e-02  9.999881104386335595e-01
2.932941904380000075e-02  9.999896451453312851e-01
2.947151026792000153e-02  9.999921687315318497e-01
2.961389486177999977e-02  9.999921888629152988e-01
2.975657987293000087e-02  9.999940435859678844e-01
2.989957254677000006e-02  9.999947075134213437e-01
3.004288033317999845e-02  9.999966143074205949e-01
3.018651089359999928e-02  9.999981749318991309e-01
3.033047210824000098e-02  9.999993270562963499e-01
3.047477208375000066e-02  9.999997234997748397e-01
3.061941916109999981e-02  1.000001386578812657e+00
3.076442192389999830e-02  1.000002741270364481e+00
3.090978920697999913e-02  1.000003675624710153e+00
3.105553010551000137e-02  1.000006109374104835e+00
3.120165398431000089e-02  1.000006998856965312e+00
3.134817048783000021e-02  1.000007804973667147e+00
3.149508955035999758e-02  1.000009093041712038e+00
3.164242140685000204e-02  1.000007817866873427e+00
3.179017660418999996e-02  1.000010467581430085e+00
3.193836601304000239e-02  1.000013711332012889e+00
3.208700084013999670e-02  1.000013554016037309e+00
3.223609264132999697e-02  1.000014897015595983e+00
3.238565333511000260e-02  1.000015482168524317e+00
3.253569521689000238e-02  1.000017638291285760e+00
3.268623097395000066e-02  1.000018930068216960e+00
3.283727370110999660e-02  1.000020631678707694e+00
3.298883691724999873e-02  1.000021447494796600e+00
3.314093458255999713e-02  1.000022624308986696e+00
3.329358111681000182e-02  1.000023591180635885e+00
3.344679141845999931e-02  1.000024827746957889e+00
3.360058088480000205e-02  1.000027421631112023e+00
3.375496543317999670e-02  1.000026080704410569e+00
3.390996152330000291e-02  1.000027717098413538e+00
3.406558618083999762e-02  1.000027976630180948e+00
3.422185702219000120e-02  1.000030674782022677e+00
3.437879228072000110e-02  1.000031314916479896e+00
3.453641083438999809e-02  1.000031360998622443e+00
3.469473223498999864e-02  1.000032533312993133e+00
3.485377673902000095e-02  1.000032253341969213e+00
3.501356534029999995e-02  1.000032537878107197e+00
3.517411980459000248e-02  1.000033654083628987e+00
3.533546270612999973e-02  1.000036052757595328e+00
3.549761746645999777e-02  1.000036109721071487e+00
3.566060839549999723e-02  1.000037093750739015e+00
3.582446073520000052e-02  1.000038000618320266e+00
3.598920070581999864e-02  1.000040635118443433e+00
3.615485555521000260e-02  1.000040963031127106e+00
3.632145361108000264e-02  1.000041737262273855e+00
3.648902433667999823e-02  1.000043990390245829e+00
3.665759839017000005e-02  1.000044170718031866e+00
3.682720768771000075e-02  1.000044448168463607e+00
3.699788547094000346e-02  1.000043570382409097e+00
3.716966637888000080e-02  1.000046809991702146e+00
3.734258652479999913e-02  1.000047186742601291e+00
3.751668357837999873e-02  1.000048770323148650e+00
3.769199685369999803e-02  1.000048428829833691e+00
3.786856740337000288e-02  1.000049003452746721e+00
3.804643811958999949e-02  1.000050895084973801e+00
3.822565384246000286e-02  1.000052761800434897e+00
3.840626147645000155e-02  1.000052668084704388e+00
3.858831011551999701e-02  1.000053136546847465e+00
3.877185117788999741e-02  1.000051971394174899e+00
3.895693855114999715e-02  1.000055419932413647e+00
3.914362874887999943e-02  1.000054606390979650e+00
3.933198107966000279e-02  1.000056687406851275e+00
3.952205782989000327e-02  1.000056040008783675e+00
3.971392446156000317e-02  1.000056993836027974e+00
3.990764982665000182e-02  1.000058482791309267e+00
4.010330639962000204e-02  1.000058619692729689e+00
4.030097053012000191e-02  1.000059504544065225e+00
4.050072271776000016e-02  1.000060909242573404e+00
4.070264791150000200e-02  1.000061212818915024e+00
4.090683583614999896e-02  1.000062995503651520e+00
4.111338134902999680e-02  1.000062738321030320e+00
4.132238483022999953e-02  1.000064011940579478e+00
4.153395261007000044e-02  1.000063662540737086e+00
4.174819743831000018e-02  1.000064219509129604e+00
4.196523899988999912e-02  1.000065274601029008e+00
4.218520448271999984e-02  1.000064640692985396e+00
4.240822920409000052e-02  1.000064946689697587e+00
4.263445730269999762e-02  1.000066552371715600e+00
4.286404250496000240e-02  1.000066674336936190e+00
4.309714897486000007e-02  1.000068601441508553e+00
4.333395225870999984e-02  1.000069774688059798e+00
4.357464033726000247e-02  1.000070342730323469e+00
4.381941480024999919e-02  1.000069262479916121e+00
4.406849216028999733e-02  1.000071046841477740e+00
4.432210532620999704e-02  1.000071419744144041e+00
4.458050525925000285e-02  1.000071504319598015e+00
4.484396283935000033e-02  1.000071685227933216e+00
4.511277097382000029e-02  1.000072797335008312e+00
4.538724698624999748e-02  1.000073504571616256e+00
4.566773533068999719e-02  1.000073320350802097e+00
4.595461068441000080e-02  1.000074389301202960e+00
4.624828148276999978e-02  1.000073703172742245e+00
4.654919397252999663e-02  1.000075981320661889e+00
4.685783687474000259e-02  1.000074540552552183e+00
4.717474676778000281e-02  1.000074774195759186e+00
4.750051432388999878e-02  1.000076876986190300e+00
4.783579156165999879e-02  1.000076549821627303e+00
4.818130031276000175e-02  1.000079424576579168e+00
4.853784214609999786e-02  1.000077922785190809e+00
4.890631004917000285e-02  1.000078586774133971e+00
4.928770223698000080e-02  1.000079503117631718e+00
4.968313854948999686e-02  1.000076263319035652e+00
5.009388001192000006e-02  1.000077787623318448e+00
5.052135227788000227e-02  1.000077827237552341e+00
5.096717385998000144e-02  1.000077526138076989e+00
5.143319028856999792e-02  1.000078803432038255e+00
5.192151563900999911e-02  1.000077013744003152e+00
5.243458324824999683e-02  1.000078619747932773e+00
5.297520791804000151e-02  1.000078022880260820e+00
5.354666249026000108e-02  1.000077142204597758e+00
5.415277238335999832e-02  1.000077794694831601e+00
5.479803247406000305e-02  1.000075569328815028e+00
5.548775150930999878e-02  1.000076011349896099e+00
5.622822981677000342e-02  1.000074004035908626e+00
5.702697595507000283e-02  1.000074190914870487e+00
5.789296607837000203e-02  1.000074120245980192e+00
5.883694416668999727e-02  1.000071312919867506e+00
5.987174813247000266e-02  1.000070770342545989e+00
6.101261965219000050e-02  1.000068328671101847e+00
6.227740446643999922e-02  1.000064010492730304e+00
6.368646346961000237e-02  1.000062512707934337e+00
6.526199129302999447e-02  1.000058458632038683e+00
6.702631758669999607e-02  1.000055778961013164e+00
6.899878586322999441e-02  1.000051038159143424e+00
7.119123738426000325e-02  1.000045453881379887e+00
7.360319009464999507e-02  1.000040215149615275e+00
7.621906190343000209e-02  1.000034609924203899e+00
7.900978095638999665e-02  1.000028761850424219e+00
8.193878692669000208e-02  1.000023408377444856e+00
8.496946427123000523e-02  1.000017375110310525e+00
8.807056448609999755e-02  1.000012609706592226e+00
9.121831133855000384e-02  1.000008416498178399e+00
9.439600490572000457e-02  1.000004390436882495e+00
9.759252879643000311e-02  1.000001925805716008e+00
1.008007370730999996e-01  9.999980708476391422e-01
1.040161366163999956e-01  9.999944488974826795e-01
1.072359409476000003e-01  9.999903861232087854e-01
1.104584365278000052e-01  9.999859006935444272e-01
1.136825749787000045e-01  9.999814284602653869e-01
1.169077167954999941e-01  9.999762085876369166e-01
1.201334725199000031e-01  9.999707667066812800e-01
1.233596051408999972e-01  9.999633751800149906e-01
1.265859704237000116e-01  9.999561301840865779e-01
1.298124805380999891e-01  9.999494849350766268e-01
1.330390819311000061e-01  9.999422772341066690e-01
1.362657418775999885e-01  9.999354422105848350e-01
1.394924403114999878e-01  9.999291375915195790e-01
1.427191648660000034e-01  9.999227552619361914e-01
1.459459078614999961e-01  9.999172115528348614e-01
1.491726644763000098e-01  9.999121478577025490e-01
1.523994316359000012e-01  9.999078540253867331e-01
1.556262073377999988e-01  9.999038506957426131e-01
1.588529902399999916e-01  9.999008595900487073e-01
1.620797794116000112e-01  9.998975843136209685e-01
1.653065741794000065e-01  9.998948255221515868e-01
1.685333740349999887e-01  9.998922428001394413e-01
1.717601785769000133e-01  9.998894860830337405e-01
1.749869874753000043e-01  9.998859177866641357e-01
1.782138004500999906e-01  9.998826951434811594e-01
1.814406172565999897e-01  9.998790100313393880e-01
1.846674376770000015e-01  9.998742626186569726e-01
1.878942615139999883e-01  9.998693482273274258e-01
1.911210885874999876e-01  9.998652672447632117e-01
1.943479187315000078e-01  9.998614324929153696e-01
1.975747517922999963e-01  9.998560544816408324e-01
2.008015876269000077e-01  9.998509455857025330e-01
2.040284261019000012e-01  9.998463850730961999e-01
2.072552670923999973e-01  9.998420733947830374e-01
2.104821104817000132e-01  9.998415732083730800e-01
2.137089561600999943e-01  9.998362582717810199e-01
2.169358040244999952e-01  9.998341261461249907e-01
2.201626539782000069e-01  9.998333447740592739e-01
2.233895059299000063e-01  9.998315688119494560e-01
2.266163597935000051e-01  9.998291581392173555e-01
2.298432154880999945e-01  9.998273164245842226e-01
2.330700729369999946e-01  9.998255372565921784e-01
2.362969320678000029e-01  9.998246772346967015e-01
2.395237928121999871e-01  9.998224766603771574e-01
2.427506551054000039e-01  9.998194899209432718e-01
2.459775188858999984e-01  9.998169469413085153e-01
2.492043840957000045e-01  9.998137949702310401e-01
2.524312506795999833e-01  9.998100877180160495e-01
2.556581185853000204e-01  9.998062009165318287e-01
2.588849877628999763e-01  9.998018505915221565e-01
2.621118581653000268e-01  9.997968638936298724e-01
2.653387297475000017e-01  9.997939923883928381e-01
2.685656024665999952e-01  9.997908387488986248e-01
2.717924762821000151e-01  9.997872916728391957e-01
2.750193511549999803e-01  9.997823555423480668e-01
2.782462270484000189e-01  9.997776386546453065e-01
2.814731039269000035e-01  9.997748656665333966e-01
2.846999817570000091e-01  9.997721568213098209e-01
2.879268605063000086e-01  9.997696363470390812e-01
2.911537401441999795e-01  9.997673850775731230e-01
2.943806206412999948e-01  9.997658583378272734e-01
2.976075019694000012e-01  9.997641945047095469e-01
3.008343841018000231e-01  9.997626294793254820e-01
3.040612670126999761e-01  9.997605526146128296e-01
3.072881506772999760e-01  9.997589713899542874e-01
3.105150350722000185e-01  9.997569925587673767e-01
3.137419201746000086e-01  9.997547074158394942e-01
3.169688059628000265e-01  9.997518663297987329e-01
3.201956924161000195e-01  9.997497029950100922e-01
3.234225795142999793e-01  9.997459842423790377e-01
3.266494672383000175e-01  9.997425921465796783e-01
3.298763555695999883e-01  9.997397934271370357e-01
3.331032444904999945e-01  9.997352579925508076e-01
3.363301339838999926e-01  9.997328601919719393e-01
3.395570240335000212e-01  9.997305899482232805e-01
3.427839146234000212e-01  9.997257674570478869e-01
3.460108057385999913e-01  9.997248708780922533e-01
3.492376973642000171e-01  9.997215891364864548e-01
3.524645894862999951e-01  9.997189968915707325e-01
3.556914820913000264e-01  9.997159687750470924e-01
3.589183751660999788e-01  9.997134899744930525e-01
3.621452686980999869e-01  9.997132643754850223e-01
3.653721626752000073e-01  9.997104255285124141e-01
3.685990570855000037e-01  9.997103204512783892e-01
3.718259519177000150e-01  9.997073811714031200e-01
3.750528471610000136e-01  9.997044857920460714e-01
3.782797428047000032e-01  9.997026997534147474e-01
3.815066388387000074e-01  9.996991449851542200e-01
3.847335352531000008e-01  9.996972745940377880e-01
3.879604320382999960e-01  9.996947994337066490e-01
3.911873291851999945e-01  9.996920037981522622e-01
3.944142266847999734e-01  9.996895582190772345e-01
3.976411245284999785e-01  9.996872607662413701e-01
4.008680227079999825e-01  9.996853929785589621e-01
4.040949212150999892e-01  9.996811228546477190e-01
4.073218200422000224e-01  9.996778523467775290e-01
4.105487191814999881e-01  9.996774933741736646e-01
4.137756186257999791e-01  9.996745512925059307e-01
4.170025183680000080e-01  9.996720826631932955e-01
4.202294184011000078e-01  9.996692098593257247e-01
4.234563187184999800e-01  9.996675646514752156e-01
4.266832193137999885e-01  9.996664844975401421e-01
4.299101201805000105e-01  9.996638158862860557e-01
4.331370213128000191e-01  9.996625320767543732e-01
4.363639227044999735e-01  9.996592071485683739e-01
4.395908243500999957e-01  9.996566938635353949e-01
4.428177262438999784e-01  9.996548463223201564e-01
4.460446283805000189e-01  9.996523647801189849e-01
4.492715307546999992e-01  9.996517468771548565e-01
4.524984333613000231e-01  9.996485234904771700e-01
4.557253361954999860e-01  9.996460213489775093e-01
4.589522392523999739e-01  9.996443679131283844e-01
4.621791425273000242e-01  9.996438629922358432e-01
4.654060460157000145e-01  9.996399237352222578e-01
4.686329497130999888e-01  9.996386576609721519e-01
4.718598536151999978e-01  9.996356487438963212e-01
4.750867577178999879e-01  9.996331697642711900e-01
4.783136620171000164e-01  9.996321902314466712e-01
4.815405665088000053e-01  9.996288093003579123e-01
4.847674711891999944e-01  9.996270448014341614e-01
4.879943760545000231e-01  9.996242181190555520e-01
4.912212811009999958e-01  9.996238019316203705e-01
4.944481863253000209e-01  9.996225775652149981e-01
4.976750917237000027e-01  9.996193673986309980e-01
5.009019972930000009e-01  9.996176312917546269e-01
5.041289030297999574e-01  9.996153782140558830e-01
5.073558089309999630e-01  9.996148246627100109e-01
5.105827149935000531e-01  9.996120506083487900e-01
5.138096212141000096e-01  9.996099116307782806e-01
5.170365275898000101e-01  9.996081440472470714e-01
5.202634341178999922e-01  9.996070081050465461e-01
5.234903407955000532e-01  9.996050497560429182e-01
5.267172476197999886e-01  9.996041059373711457e-01
5.299441545881999893e-01  9.996010115495976844e-01
5.331710616978999617e-01  9.995992262437426445e-01
5.363979689465999678e-01  9.995971305268411822e-01
5.396248763315000252e-01  9.995966538780324262e-01
5.428517838504000048e-01  9.995940776663022609e-01
5.460786915008000175e-01  9.995913273320212733e-01
5.493055992805000454e-01  9.995900659190799509e-01
5.525325071869999771e-01  9.995875587606178891e-01
5.557594152182999681e-01  9.995861519045126098e-01
5.589863233722000002e-01  9.995849485734032980e-01
5.622132316464999446e-01  9.995832240271729230e-01
5.654401400391999566e-01  9.995796483642217511e-01
5.686670485482000492e-01  9.995794421036258148e-01
5.718939571715999648e-01  9.995774294141007710e-01
5.751208659073999696e-01  9.995749216756988353e-01
5.783477747537999480e-01  9.995733677271295692e-01
5.815746837088999754e-01  9.995721581401496580e-01
5.848015927709000472e-01  9.995715169631024244e-01
5.880285019380999678e-01  9.995681903703748095e-01
5.912554112086999547e-01  9.995666132729376097e-01
5.944823205810000344e-01  9.995648839725914669e-01
5.977092300534000424e-01  9.995634506817102638e-01
6.009361396242000053e-01  9.995635884551397066e-01
6.041630492920000428e-01  9.995590380414527409e-01
6.073899590550000394e-01  9.995562856946758057e-01
6.106168689119000348e-01  9.995550102366147494e-01
6.138437788610999757e-01  9.995556353871269950e-01
6.170706889011999818e-01  9.995545642398843134e-01
6.202975990307000309e-01  9.995539134788725688e-01
6.235245092483000517e-01  9.995511002625564467e-01
6.267514195526999732e-01  9.995493456349954231e-01
6.299783299422999638e-01  9.995466493258445828e-01
6.332052404161000458e-01  9.995456897370109672e-01
6.364321509725999748e-01  9.995434384197297017e-01
6.396590616106000438e-01  9.995408624808239662e-01
6.428859723288999906e-01  9.995383916516615841e-01
6.461128831262999972e-01  9.995365643847221593e-01
6.493397940016000236e-01  9.995350596134821020e-01
6.525667049536000297e-01  9.995347815705889483e-01
6.557936159813000376e-01  9.995319465059908648e-01
6.590205270833999762e-01  9.995292856283433114e-01
6.622474382590000097e-01  9.995284024709878423e-01
6.654743495067999559e-01  9.995277656618427597e-01
6.687012608260000102e-01  9.995251127236504107e-01
6.719281722154000214e-01  9.995236489772691968e-01
6.751550836740000117e-01  9.995215567102307963e-01
6.783819952009000342e-01  9.995192872899679726e-01
6.816089067951000002e-01  9.995206488446618520e-01
6.848358184556000428e-01  9.995155476995547517e-01
6.880627301814999930e-01  9.995131473185949744e-01
6.912896419719000152e-01  9.995132170375184977e-01
6.945165538258000204e-01  9.995139347475311409e-01
6.977434657425000131e-01  9.995095648260553522e-01
7.009703777208999842e-01  9.995071747602016776e-01
7.041972897603000492e-01  9.995075657233878363e-01
7.074242018598999593e-01  9.995033644559596642e-01
7.106511140187999898e-01  9.995052647629373288e-01
7.138780262362000029e-01  9.995014252595021409e-01
7.171049385112000518e-01  9.995024918503758737e-01
7.203318508432999812e-01  9.995000027280712684e-01
7.235587632315000350e-01  9.994978383594876892e-01
7.267856756750999958e-01  9.994970697079439415e-01
7.300125881733999789e-01  9.994949547742582041e-01
7.332395007256999886e-01  9.994925016451889910e-01
7.364664133311999983e-01  9.994903824269214532e-01
7.396933259893000434e-01  9.994878297009652801e-01
7.429202386993000173e-01  9.994897476798119129e-01
7.461471514604000044e-01  9.994877786544426046e-01
7.493740642720999601e-01  9.994821815777815699e-01
7.526009771335999687e-01  9.994856305448991396e-01
7.558278900443999859e-01  9.994823130614283180e-01
8.254802909302000336e-01  9.994463744988345555e-01
9.260320008572999750e-01  9.993970267871226110e-01
1.085583346823999928e+00  9.993321160823589455e-01
1.338471547748999901e+00  9.992044966068358569e-01
1.682644621656000039e+00  9.990830133086299192e-01
2.118281736294000073e+00  9.989011100520968078e-01
2.666758561936000138e+00  9.986394754767409232e-01
3.357250120670999927e+00  9.982282816160955585e-01
4.226527490661999842e+00  9.975952081252664749e-01
5.320882861641000439e+00  9.965838418205998916e-01
6.698594647700000237e+00  9.949470817601917538e-01
8.433031025297999861e+00  9.920761775395674498e-01
1.061655705619999956e+01  9.873304393969842829e-01
1.336545346381000066e+01  9.796015219173261901e-01
1.682610900574000112e+01  9.667115068590367288e-01
2.118281620895000117e+01  9.455689797573512134e-01
2.666758561881000134e+01  9.119380709866639068e-01
3.357250120671000104e+01  8.599270720976793791e-01
4.226527490662000019e+01  7.838136081433269009e-01
5.320882861641000261e+01  6.789413997349613705e-01
6.698594647699999882e+01  5.483825669966391203e-01
8.433031025297999861e+01  4.052006705805841213e-01
1.061655705619999992e+02  2.784908513474560476e-01
1.336545346380999888e+02  1.633305213023142077e-01
1.682610900573999970e+02  8.631459467439214772e-02
2.118281620895000117e+02  4.413407705784655466e-02
2.666758561880999991e+02  1.977701392718623358e-02
3.357250120671000104e+02  7.947460914468866891e-03
4.226527490661999877e+02  2.434794192593979500e-03
5.320882861641000545e+02  5.155380696966845771e-04
