2.342385264153000116e-05  9.996451599395071996e-01
3.640298203570000032e-05  9.996451549355168664e-01
4.946316490959000233e-05  9.996451277274182035e-01
6.264019467161999362e-05  9.996451221314287539e-01
7.597077345079999500e-05  9.996451088596273182e-01
8.949284421241999836e-05  9.996450925350344185e-01
1.032459376916999947e-04  9.996450747236050871e-01
1.172715386291999943e-04  9.996450328111371464e-01
1.316134758266000065e-04  9.996450361273696572e-01
1.463183405445000064e-04  9.996449820379618156e-01
1.614359377009999931e-04  9.996449743233741803e-01
1.770197741375999917e-04  9.996449442962220822e-01
1.931275878286999915e-04  9.996449009609970071e-01
2.098219212128999984e-04  9.996448586001400738e-01
2.271707406901000016e-04  9.996448069275430948e-01
2.452481025694000158e-04  9.996447461137388801e-01
2.641348631439999748e-04  9.996446928195428239e-01
2.839194268292999758e-04  9.996446262605848121e-01
3.046985210666000262e-04  9.996445443571213563e-01
3.265779795930999832e-04  9.996444573895999497e-01
3.496735062640999757e-04  9.996443595359981726e-01
3.741113795250000196e-04  9.996442411780689374e-01
4.000290425936000216e-04  9.996441012638237478e-01
4.275755065041999896e-04  9.996439650910371455e-01
4.569114729847000207e-04  9.996437957140241748e-01
4.882090631896999740e-04  9.996436128062048398e-01
5.216510193898999878e-04  9.996433663629026301e-01
5.574292342596999820e-04  9.996431368361159420e-01
5.957424626927000340e-04  9.996428439041453728e-01
6.367930919096000206e-04  9.996425076114553443e-01
6.807828952173999946e-04  9.996421279135376814e-01
7.279077794600999482e-04  9.996416853146831150e-01
7.783516569925000511e-04  9.996411763374110082e-01
8.322797216694999885e-04  9.996405816220067519e-01
8.898315644051999840e-04  9.996399277494668612e-01
9.511146949896999870e-04  9.996391666608456239e-01
1.016199104504000037e-03  9.996382985680509758e-01
1.085113473428999959e-03  9.996372985686063917e-01
1.157843489912999905e-03  9.996361645124824946e-01
1.234332505481000033e-03  9.996348987085448279e-01
1.314484466302999997e-03  9.996334934772381775e-01
1.398168779177000028e-03  9.996344164489939788e-01
1.485226562495999946e-03  9.996363977064930406e-01
1.575477631311999896e-03  9.996381365101484340e-01
1.668727578248000104e-03  9.996397016896388932e-01
1.764774415742999909e-03  9.996410919398837081e-01
1.863414400909999945e-03  9.996423366759427109e-01
1.964446831823000138e-03  9.996434674049166080e-01
2.067677752226999843e-03  9.996444907606529817e-01
2.172922613518000166e-03  9.996454455119395677e-01
2.280008013970000105e-03  9.996463165580661281e-01
2.388772670261999926e-03  9.996471429818867271e-01
2.499067783932999894e-03  9.996479112522096422e-01
2.610756955102999828e-03  9.996486453942226014e-01
2.723715775741999967e-03  9.996493378264972307e-01
2.837831211000999953e-03  9.996500131214519635e-01
2.953000853577000210e-03  9.996506405276472940e-01
3.069132114939000181e-03  9.996512640335415423e-01
3.186141399462999978e-03  9.996518589315633863e-01
3.303953293260000149e-03  9.996524234116515029e-01
3.422499788471999784e-03  9.996529335158835794e-01
3.541719555604999972e-03  9.996534279680040491e-01
3.661557270527999921e-03  9.996538828160140833e-01
3.781962998593000214e-03  9.996542461896890108e-01
3.902891635520999887e-03  9.996545149758960802e-01
4.024302402887000238e-03  9.996546705735722682e-01
4.146158394943999861e-03  9.996546964471466623e-01
4.268426172936000233e-03  9.996545695709180279e-01
4.391075402821000007e-03  9.996542920335413918e-01
4.514078532312999596e-03  9.996539159907249505e-01
4.637410503320000058e-03  9.996532913233689976e-01
4.761048496048999983e-03  9.996522830553677963e-01
4.884971701370999578e-03  9.996513296195583820e-01
5.009161118310999708e-03  9.996499249086276961e-01
5.133599373837000393e-03  9.996497789005830414e-01
5.258270562417999977e-03  9.996480784950048104e-01
5.383160103077999810e-03  9.996454954588460673e-01
5.508254611951000045e-03  9.996447027495813931e-01
5.633541788530999767e-03  9.996416550019060487e-01
5.759010314067000008e-03  9.996409557040037974e-01
5.884649760686999978e-03  9.996395134093727375e-01
6.010450510043999738e-03  9.996375681691520576e-01
6.136403680387999757e-03  9.996345769141621318e-01
6.262501061128000410e-03  9.996329992058666791e-01
6.388735054019999832e-03  9.996304108920649467e-01
6.515098620271999978e-03  9.996284513778374015e-01
6.641585232890000016e-03  9.996258375191851009e-01
6.768188833703000368e-03  9.996239080476720940e-01
6.894903794558000093e-03  9.996220002333557897e-01
7.021724882231000081e-03  9.996199142424844197e-01
7.148647226672999976e-03  9.996176435881959366e-01
7.275666292218999943e-03  9.996156310963471014e-01
7.402777851473999957e-03  9.996137893248595585e-01
7.529977961579999851e-03  9.996120297640986863e-01
7.657262942638000391e-03  9.996102616504626281e-01
7.784629358049999746e-03  9.996087868660243902e-01
7.912073996607000420e-03  9.996073080908219888e-01
8.039593856140000300e-03  9.996060466853818882e-01
8.167186128580000704e-03  9.996049567701397187e-01
8.294848186300999432e-03  9.996038862667542269e-01
8.422577569608000192e-03  9.996031275336241251e-01
8.550371975282000311e-03  9.996025623945183902e-01
8.678229246059000410e-03  9.996021823215859303e-01
8.806147360983000716e-03  9.996020097585436304e-01
8.934124426528000304e-03  9.996019063450216624e-01
9.062158668442000381e-03  9.996020819340933894e-01
9.190248424225000434e-03  9.996024216856930211e-01
9.318392136214000143e-03  9.996029153267508294e-01
9.446588345188999467e-03  9.996035585069837914e-01
9.574835684485000220e-03  9.996045591660182028e-01
9.703132874545999584e-03  9.996056026080853973e-01
9.831478717892999653e-03  9.996069609623792207e-01
9.959872094471999490e-03  9.996084212406011194e-01
1.008831195733999979e-02  9.996100550680804275e-01
1.021679732869999919e-02  9.996120177700794640e-01
1.034532729616000069e-02  9.996139634213603298e-01
1.047390100932999932e-02  9.996162789751834588e-01
1.060251767667000009e-02  9.996187367590572137e-01
1.073117656248999928e-02  9.996212747664593445e-01
1.085987698423000053e-02  9.996241899778740558e-01
1.098861830990000010e-02  9.996270625388213871e-01
1.111739995576999963e-02  9.996303216478457099e-01
1.124622138409000008e-02  9.996337642629655740e-01
1.137508210109999980e-02  9.996373708783685696e-01
1.150398165510999916e-02  9.996408919767421075e-01
1.163291963472999971e-02  9.996448523281747933e-01
1.176189566726000037e-02  9.996486969538445067e-01
1.189090941710000023e-02  9.996527490240874059e-01
1.201996058435999930e-02  9.996568402930032793e-01
1.214904890356000022e-02  9.996611510491575370e-01
1.227817414234999918e-02  9.996654453031473819e-01
1.240733610040999947e-02  9.996697755929097040e-01
1.253653460835000080e-02  9.996742171672137189e-01
1.266576952678000016e-02  9.996784892244617859e-01
1.279504074531000006e-02  9.996828457310052984e-01
1.292434818180999978e-02  9.996873334196978433e-01
1.305369178151000002e-02  9.996916772199374579e-01
1.318307151635000028e-02  9.996961038169519531e-01
1.331248738431000007e-02  9.997005635705252802e-01
1.344193940872999947e-02  9.997045725297332153e-01
1.357142763780000080e-02  9.997089253053007551e-01
1.370095214400000004e-02  9.997130743254503127e-01
1.383051302364999950e-02  9.997171550234684734e-01
1.396011039642999947e-02  9.997211987365456354e-01
1.408974440501000076e-02  9.997253690658663983e-01
1.421941521471000065e-02  9.997292042104984899e-01
1.434912301310999928e-02  9.997330560435813140e-01
1.447886800979999999e-02  9.997368039421976604e-01
1.460865043612000029e-02  9.997405782025765575e-01
1.473847054491999979e-02  9.997443278090716312e-01
1.486832861034999981e-02  9.997478374201156370e-01
1.499822492769999939e-02  9.997515569612834829e-01
1.512815981327000035e-02  9.997549075947413932e-01
1.525813360417999955e-02  9.997585383811136150e-01
1.538814665837999994e-02  9.997617487622890708e-01
1.551819935448999974e-02  9.997651176870488987e-01
1.564829209178000141e-02  9.997686526941119700e-01
1.577842529017000131e-02  9.997718190906579316e-01
1.590859939017999838e-02  9.997751188875189099e-01
1.603881485299000001e-02  9.997785151791455105e-01
1.616907216041999981e-02  9.997814318934687972e-01
1.629937181504999971e-02  9.997846488788953989e-01
1.642971434027000119e-02  9.997876066117137306e-01
1.656010028035000137e-02  9.997913521675069193e-01
1.669053020057999909e-02  9.997939948098424345e-01
1.682100468741000096e-02  9.997972633407602450e-01
1.695152434855999937e-02  9.998004303980628782e-01
1.708208981322999892e-02  9.998032801477970688e-01
1.721270173225999955e-02  9.998061072312035558e-01
1.734336077833999873e-02  9.998094501087747554e-01
1.747406764621000155e-02  9.998125483664646040e-01
1.760482305294000169e-02  9.998158359870031875e-01
1.773562773811000054e-02  9.998187067423178753e-01
1.786648246414999919e-02  9.998216238213278872e-01
1.799738801659999873e-02  9.998250017107036536e-01
1.812834520437999961e-02  9.998279270348505721e-01
1.825935486014999831e-02  9.998310189704502360e-01
1.839041784064000123e-02  9.998336139517944865e-01
1.852153502698000026e-02  9.998371732186492888e-01
1.865270732509000107e-02  9.998401828302517780e-01
1.878393566603999906e-02  9.998431321366428870e-01
1.891522100650000135e-02  9.998462277830821865e-01
1.904656432909000024e-02  9.998499212021435545e-01
1.917796664289999828e-02  9.998533321487348413e-01
1.930942898386999937e-02  9.998561587349745761e-01
1.944095241530000018e-02  9.998597406652988129e-01
1.957253802834999987e-02  9.998628925764707631e-01
1.970418694253000050e-02  9.998655814525772012e-01
1.983590030620999839e-02  9.998694874346282235e-01
1.996767929722999962e-02  9.998718926945303620e-01
2.009952512339999858e-02  9.998749514484368550e-01
2.023143902311999934e-02  9.998783757834157626e-01
2.036342226596999858e-02  9.998814643490452347e-01
2.049547615336999931e-02  9.998844384970511090e-01
2.062760201917999969e-02  9.998873599363795606e-01
2.075980123039000008e-02  9.998906636241658985e-01
2.089207518784999898e-02  9.998941836471939570e-01
2.102442532692000085e-02  9.998972369978047503e-01
2.115685311824000089e-02  9.998994349077868771e-01
2.128936006848999862e-02  9.999031670744132905e-01
2.142194772116999893e-02  9.999053463558014165e-01
2.155461765741999852e-02  9.999082166002403183e-01
2.168737149684999907e-02  9.999110509797202173e-01
2.182021089837999847e-02  9.999135416653310848e-01
2.195313756117999934e-02  9.999157571249055465e-01
2.208615322553000165e-02  9.999178621104442000e-01
2.221925967380999900e-02  9.999208273605771913e-01
2.235245873145999887e-02  9.999246102893935007e-01
2.248575226795999915e-02  9.999261098431383443e-01
2.261914219793999953e-02  9.999286666010998026e-01
2.275263048214000092e-02  9.999310637331809692e-01
2.288621912862999833e-02  9.999331451050962327e-01
2.301991019387000098e-02  9.999350357503593578e-01
2.315370578390000059e-02  9.999363964330583165e-01
2.328760805557000130e-02  9.999402980095745130e-01
2.342161921778000006e-02  9.999419249541038335e-01
2.355574153273999952e-02  9.999434499537829257e-01
2.368997731735000140e-02  9.999461501291099230e-01
2.382432894451999919e-02  9.999482121991060124e-01
2.395879884461999884e-02  9.999499808167024995e-01
2.409338950691999881e-02  9.999527913138738233e-01
2.422810348108999853e-02  9.999532021856497588e-01
2.436294337877999844e-02  9.999559697401847469e-01
2.449791187520999891e-02  9.999580605655614685e-01
2.463301171081999988e-02  9.999605745100426102e-01
2.476824569295999964e-02  9.999627131474597697e-01
2.490361669771999978e-02  9.999637222349564425e-01
2.503912767169000006e-02  9.999650255039324032e-01
2.517478163386999840e-02  9.999671913522725220e-01
2.531058167759999908e-02  9.999697757903922568e-01
2.544653097259999899e-02  9.999707717877091007e-01
2.558263276702999953e-02  9.999720473408861832e-01
2.571889038962000065e-02  9.999754012621855370e-01
2.585530725192999868e-02  9.999772948959428920e-01
2.599188685058999998e-02  9.999793435555422993e-01
2.612863276973999976e-02  9.999802320683540691e-01
2.626554868343999871e-02  9.999834590635160447e-01
2.640263835822000138e-02  9.999846962031108122e-01
2.653990565572000165e-02  9.999866509855322994e-01
2.667735453541000140e-02  9.999885574338795990e-01
2.681498905736999852e-02  9.999892865113240159e-01
2.695281338528000142e-02  9.999910128817804944e-01
2.709083178936999917e-02  9.999937630629667229e-01
2.722904864960000101e-02  9.999949004837523914e-01
2.736746845887999893e-02  9.999966218591180844e-01
2.750609582642999859e-02  9.999984349822096386e-01
2.764493548126999850e-02  1.000000924369876643e+00
2.778399227584000056e-02  1.000001782475654633e+00
2.792327118974999994e-02  1.000004299762071280e+00
2.806277733365000054e-02  1.000004549552022448e+00
2.820251595329999889e-02  1.000006221785094240e+00
2.834249243369999990e-02  1.000007093761595023e+00
2.848271230352000111e-02  1.000009987491011998e+00
2.862318123956000132e-02  1.000011411260419258e+00
2.876390507145000150e-02  1.000012356862692631e+00
2.890488978656999969e-02  1.000013134152621941e+00
2.904614153503999943e-02  1.000015401388157033e+00
2.918766663510000137e-02  1.000017039442225864e+00
2.932947157848999828e-02  1.000018664269914925e+00
2.947156303623000087e-02  1.000019388419122857e+00
2.961394786453000125e-02  1.000019246462386713e+00
2.975663311097000163e-02  1.000022162378438662e+00
2.989962602095999969e-02  1.000021884514040282e+00
3.004293404440000134e-02  1.000023528097753855e+00
3.018656484275999974e-02  1.000025360255531348e+00
3.033052629628000055e-02  1.000028246459579107e+00
3.047482651162999878e-02  1.000028868079583466e+00
3.061947382980000076e-02  1.000029733715310787e+00
3.076447683442999972e-02  1.000031030417996014e+00
3.090984436039000138e-02  1.000032741406027270e+00
3.105558550285000136e-02  1.000034231974557875e+00
3.120170962668999959e-02  1.000034484797984291e+00
3.134822637635999859e-02  1.000036852253221697e+00
3.149514568620000177e-02  1.000037527371617552e+00
3.164247779119999660e-02  1.000035914146971683e+00
3.179023323828000097e-02  1.000038758927579874e+00
3.193842289810999713e-02  1.000040850633775014e+00
3.208705797749000083e-02  1.000040876653724320e+00
3.223615003229000214e-02  1.000043445261597830e+00
3.238571098103999735e-02  1.000045497287364249e+00
3.253575311920999663e-02  1.000045990739693247e+00
3.268628913411000120e-02  1.000047984612994822e+00
3.283733212059999906e-02  1.000048291140949175e+00
3.298889559759000251e-02  1.000050496436093894e+00
3.314099352535000015e-02  1.000049747471153605e+00
3.329364032366999987e-02  1.000049784157626798e+00
3.344685089107000270e-02  1.000053738768972078e+00
3.360064062489000192e-02  1.000053904268831007e+00
3.375502544252999976e-02  1.000057054280237390e+00
3.391002180376000152e-02  1.000055184946688991e+00
3.406564673429000184e-02  1.000056086490594520e+00
3.422191785058999874e-02  1.000058595461904121e+00
3.437885338608000219e-02  1.000059047163817549e+00
3.453647221879999757e-02  1.000061061234328808e+00
3.469479390059999890e-02  1.000060938844909320e+00
3.485383868803999807e-02  1.000060337702193269e+00
3.501362757503000134e-02  1.000061328009844930e+00
3.517418232739000228e-02  1.000062144686216792e+00
3.533552551945000342e-02  1.000063894118328855e+00
3.549768057283000239e-02  1.000065042032609153e+00
3.566067179752999833e-02  1.000067516024678360e+00
3.582452443559999700e-02  1.000066127585381048e+00
3.598926470739000072e-02  1.000068544821079763e+00
3.615491986085000303e-02  1.000069718519441597e+00
3.632151822378999750e-02  1.000068839036228008e+00
3.648908925957999871e-02  1.000071523478527569e+00
3.665766362647000093e-02  1.000071264811833505e+00
3.682727324076000286e-02  1.000071985751955994e+00
3.699795134421000192e-02  1.000071820764478092e+00
3.716973257595999891e-02  1.000074398710006918e+00
3.734265304941999930e-02  1.000073731000744370e+00
3.751675043443000040e-02  1.000075416506939652e+00
3.769206404520999976e-02  1.000076860617053809e+00
3.786863493452000129e-02  1.000076408517619253e+00
3.804650599474000000e-02  1.000077774792974994e+00
3.822572206614999885e-02  1.000079488177263221e+00
3.840633005340000211e-02  1.000080807252647697e+00
3.858837905064999713e-02  1.000082692615179125e+00
3.877192047631999872e-02  1.000080533544732253e+00
3.895700821822999788e-02  1.000082337582333558e+00
3.914369879019000131e-02  1.000082635012117249e+00
3.933205150103000203e-02  1.000083432647349779e+00
3.952212863739999749e-02  1.000084871521513818e+00
3.971399566159000000e-02  1.000084368562637716e+00
3.990772142585000126e-02  1.000085062499019406e+00
4.010337840495999812e-02  1.000085693989335889e+00
4.030104294891000138e-02  1.000086354035169434e+00
4.050079555766000067e-02  1.000088512949026898e+00
4.070272118056000171e-02  1.000087677978237277e+00
4.090690954280999658e-02  1.000089376817612230e+00
4.111345550217999911e-02  1.000089348547714918e+00
4.132245943920000164e-02  1.000090993130073658e+00
4.153402768469000028e-02  1.000091569118555901e+00
4.174827298896999911e-02  1.000091126071886549e+00
4.196531503753000297e-02  1.000092788321181425e+00
4.218528101890999665e-02  1.000091525302037043e+00
4.240830625105000001e-02  1.000091474246950440e+00
4.263453487337000303e-02  1.000094548012901763e+00
4.286412061305999721e-02  1.000092921847510308e+00
4.309722763496000308e-02  1.000095716119439704e+00
4.333403148626999851e-02  1.000094143389225199e+00
4.357472014875000271e-02  1.000095798521956958e+00
4.381949521319999930e-02  1.000095184009792915e+00
4.406857319342000201e-02  1.000097406705606762e+00
4.432218699952000102e-02  1.000098288206559438e+00
4.458058759415999689e-02  1.000098332481328622e+00
4.484404585881000133e-02  1.000097724483348882e+00
4.511285470248999757e-02  1.000099152943353387e+00
4.538733145064999946e-02  1.000099662223645547e+00
4.566782055943999913e-02  1.000099711021019022e+00
4.595469670841000054e-02  1.000099669375128730e+00
4.624836833548000292e-02  1.000100105773208181e+00
4.654928169025000090e-02  1.000101304672577074e+00
4.685792549696000259e-02  1.000100506728050176e+00
4.717483633755999856e-02  1.000100441346687852e+00
4.750060488829999789e-02  1.000101136986754735e+00
4.783588317230000331e-02  1.000102439583974157e+00
4.818139302636000043e-02  1.000102874080689208e+00
4.853793602523000239e-02  1.000104086056410768e+00
4.890640516304999713e-02  1.000103092385764558e+00
4.928779866248000213e-02  1.000104200534273957e+00
4.968323637225999928e-02  1.000101409247444284e+00
5.009397932776000345e-02  1.000103199654829744e+00
5.052145319437999910e-02  1.000102704778150997e+00
5.096727649851000297e-02  1.000102677538920570e+00
5.143329478663000165e-02  1.000102902685076067e+00
5.192162215315000023e-02  1.000100959745478191e+00
5.243469195753999723e-02  1.000102658233256170e+00
5.297531902841000340e-02  1.000101430394486179e+00
5.354677623979999662e-02  1.000101033553387087e+00
5.415288904879000248e-02  1.000101895827583798e+00
5.479815237881999895e-02  1.000099795696524518e+00
5.548787503341000293e-02  1.000099375976561955e+00
5.622835740895999745e-02  1.000097120685800700e+00
5.702710814749999829e-02  1.000096541618138879e+00
5.789310350404999750e-02  1.000094980072393058e+00
5.883708757932999689e-02  1.000094326085031682e+00
5.987189842743000090e-02  1.000092192918955680e+00
6.101277788511000333e-02  1.000088325692267022e+00
6.227757186235999970e-02  1.000087433379142965e+00
6.368664140935000051e-02  1.000082797823454994e+00
6.526218125591999597e-02  1.000079877004171225e+00
6.702652102320000305e-02  1.000074756846707880e+00
6.899900398015000602e-02  1.000069797108673386e+00
7.119147086480999420e-02  1.000063664094105631e+00
7.360343884914999357e-02  1.000057130273766415e+00
7.621932500007999600e-02  1.000050408791824719e+00
7.901005682167000499e-02  1.000043406406758706e+00
8.193907373210000677e-02  1.000035601626080739e+00
8.496976030463999907e-02  1.000029518703222653e+00
8.807086836317999656e-02  1.000022280152029985e+00
9.121862204766000015e-02  1.000015820310113934e+00
9.439632175609000142e-02  1.000009612474110909e+00
9.759285133683999469e-02  1.000003981181599944e+00
1.008010650169999939e-01  9.999975034696606535e-01
1.040164697849000064e-01  9.999920208078370010e-01
1.072362792303999945e-01  9.999856040675375590e-01
1.104587798570999951e-01  9.999768135454167872e-01
1.136829233133000022e-01  9.999698464924340335e-01
1.169080701101000014e-01  9.999620764660491767e-01
1.201338307991000054e-01  9.999534730223544887e-01
1.233599683754000031e-01  9.999432799520434623e-01
1.265863386076999941e-01  9.999330567812058090e-01
1.298128536683000045e-01  9.999233047229442173e-01
1.330394600053000087e-01  9.999126392034711763e-01
1.362661248943999870e-01  9.999019173858102461e-01
1.394928282701999867e-01  9.998916827753691061e-01
1.427195577661000137e-01  9.998815488331163071e-01
1.459463057026000044e-01  9.998711316148507500e-01
1.491730672582000095e-01  9.998616346985168546e-01
1.523998393584999889e-01  9.998522263878723004e-01
1.556266200009999989e-01  9.998431043512502336e-01
1.588534078437000008e-01  9.998343952996945339e-01
1.620802019558000018e-01  9.998257718577426845e-01
1.653070016641000062e-01  9.998177016749104640e-01
1.685338064600999941e-01  9.998091291134031389e-01
1.717606159422999934e-01  9.998007957887278252e-01
1.749874297810999901e-01  9.997916515309726027e-01
1.782142476963000099e-01  9.997828067841698640e-01
1.814410694431000115e-01  9.997737996930782245e-01
1.846678948036999945e-01  9.997634586421257907e-01
1.878947235810000116e-01  9.997535564596452540e-01
1.911215555948000133e-01  9.997428054651383844e-01
1.943483906791000082e-01  9.997319382584181069e-01
1.975752286801999991e-01  9.997214758630962317e-01
2.008020694550000096e-01  9.997088541559877584e-01
2.040289128702000021e-01  9.996982318184786109e-01
2.072557588010000007e-01  9.996851817718096500e-01
2.104826071304999879e-01  9.996759036764814033e-01
2.137094577489999925e-01  9.996642269623687849e-01
2.169363105536999958e-01  9.996530433556585216e-01
2.201631654476000066e-01  9.996426844750206930e-01
2.233900223394000017e-01  9.996323418785418857e-01
2.266168811431999996e-01  9.996205175175459923e-01
2.298437417779999881e-01  9.996101663511990365e-01
2.330706041670000117e-01  9.995991301255364725e-01
2.362974682379999913e-01  9.995892302279597574e-01
2.395243339224999990e-01  9.995779049234720937e-01
2.427512011558000116e-01  9.995668543485999313e-01
2.459780698765000051e-01  9.995547797929122957e-01
2.492049400264000070e-01  9.995427899071226419e-01
2.524318115504999849e-01  9.995298016835526544e-01
2.556586843961999866e-01  9.995174165363335250e-01
2.588855585140000248e-01  9.995007311207049217e-01
2.621124338565000156e-01  9.994878899353319968e-01
2.653393103787000107e-01  9.994720246993807899e-01
2.685661880379999755e-01  9.994586969609245974e-01
2.717930667935999911e-01  9.994437907907455232e-01
2.750199466066000076e-01  9.994276452561587920e-01
2.782468274400999864e-01  9.994118807117940984e-01
2.814737092587000222e-01  9.993963409420425492e-01
2.847005920287999925e-01  9.993804972657917007e-01
2.879274757181999878e-01  9.993650200625195934e-01
2.911543602960999788e-01  9.993494296320538650e-01
2.943812457332999899e-01  9.993356442760532587e-01
2.976081320016000231e-01  9.993208634192148887e-01
3.008350190740000096e-01  9.993058909144679758e-01
3.040619069248999828e-01  9.992905572638249856e-01
3.072887955295999785e-01  9.992763832189979212e-01
3.105156848646000167e-01  9.992610813929406754e-01
3.137425749070000269e-01  9.992463719186697180e-01
3.169694656352999851e-01  9.992305816049565914e-01
3.201963570285999983e-01  9.992133479843393618e-01
3.234232490669000093e-01  9.991961918176340829e-01
3.266501417309000121e-01  9.991784771408610544e-01
3.298770350022999787e-01  9.991605590692115291e-01
3.331039288632000051e-01  9.991421302878833455e-01
3.363308232966999989e-01  9.991253108966136054e-01
3.395577182862999921e-01  9.991044779480638960e-01
3.427846138162999878e-01  9.990850019367407686e-01
3.460115098714999782e-01  9.990654622993965228e-01
3.492384064371999997e-01  9.990476174740875459e-01
3.524653034992999978e-01  9.990252194166123756e-01
3.556922010442999937e-01  9.990071162824868400e-01
3.589190990591999975e-01  9.989883246664960081e-01
3.621459975312000257e-01  9.989690710775946947e-01
3.653728964483000108e-01  9.989512513076955758e-01
3.685997957986000273e-01  9.989331673485422058e-01
3.718266955708999788e-01  9.989103755236928839e-01
3.750535957541999976e-01  9.988914905376853337e-01
3.782804963379999830e-01  9.988723720337541190e-01
3.815073973120000073e-01  9.988514383563782406e-01
3.847342986664000208e-01  9.988311995269673060e-01
3.879612003915999807e-01  9.988099142624662363e-01
3.911881024784999994e-01  9.987878761952675433e-01
3.944150049180999984e-01  9.987665343298819387e-01
3.976419077018999992e-01  9.987448122798903150e-01
4.008688108214000234e-01  9.987232662933021032e-01
4.040957142684999948e-01  9.986981702111560333e-01
4.073226180355999926e-01  9.986745149216582629e-01
4.105495221148999785e-01  9.986518969985342942e-01
4.137764264993000207e-01  9.986296937217783443e-01
4.170033311813999832e-01  9.986046682678666464e-01
4.202302361545999787e-01  9.985827580311820162e-01
4.234571414120000266e-01  9.985568074696830054e-01
4.266840469472999997e-01  9.985349213201927254e-01
4.299109527539999864e-01  9.985109885218601544e-01
4.331378588263000151e-01  9.984856845196770081e-01
4.363647651579999898e-01  9.984594722115477383e-01
4.395916717435999765e-01  9.984361591998449637e-01
4.428185785773999794e-01  9.984079088972301896e-01
4.460454856539999846e-01  9.983856765572858283e-01
4.492723929681999850e-01  9.983612855457998370e-01
4.524993005149000047e-01  9.983357129428009902e-01
4.557262082890999877e-01  9.983085656677698205e-01
4.589531162859999958e-01  9.982827288145458278e-01
4.621800245009000108e-01  9.982595431105555361e-01
4.654069329291999901e-01  9.982307699032388904e-01
4.686338415665999846e-01  9.982036723049486637e-01
4.718607504087999893e-01  9.981757705076156340e-01
4.750876594514999995e-01  9.981450577056825146e-01
4.783145686906999927e-01  9.981214881922141346e-01
4.815414781224000018e-01  9.980896401842448418e-01
4.847683877428000110e-01  9.980633947545618501e-01
4.879952975481000044e-01  9.980349101471654993e-01
4.912222075345999972e-01  9.980073985261679326e-01
4.944491176988000114e-01  9.979783174698571013e-01
4.976760280372999889e-01  9.979455756788195853e-01
5.009029385465999518e-01  9.979203925116288953e-01
5.041298492233999839e-01  9.978865453222475201e-01
5.073567600645999542e-01  9.978621006996968301e-01
5.105836710669999778e-01  9.978297026402567216e-01
5.138105822276000101e-01  9.977962351967195609e-01
5.170374935434000063e-01  9.977704252498095228e-01
5.202644050114999530e-01  9.977366044258269007e-01
5.234913166290999786e-01  9.977064811369015240e-01
5.267182283933999898e-01  9.976776550743532423e-01
5.299451403017000350e-01  9.976437312166691607e-01
5.331720523515000032e-01  9.976126471749452440e-01
5.363989645401000539e-01  9.975795350484593094e-01
5.396258768650999960e-01  9.975500939418350255e-01
5.428527893239000202e-01  9.975140794949398648e-01
5.460797019144000286e-01  9.974797568549161886e-01
5.493066146339999900e-01  9.974450850981974037e-01
5.525335274806000285e-01  9.974135574757476697e-01
5.557604404517999530e-01  9.973783267655376150e-01
5.589873535456999498e-01  9.973445746232226794e-01
5.622142667599999699e-01  9.973081597736944692e-01
5.654411800926000264e-01  9.972784799479796902e-01
5.686680935415999727e-01  9.972411666831404453e-01
5.718950071049999639e-01  9.972114276035480840e-01
5.751219207808999645e-01  9.971692125208960755e-01
5.783488345671999875e-01  9.971314224418694749e-01
5.815757484624000107e-01  9.971030780766667601e-01
5.848026624644000471e-01  9.970668024240583183e-01
5.880295765715000122e-01  9.970305685570223231e-01
5.912564907820999638e-01  9.969905146894801895e-01
5.944834050944000081e-01  9.969537876125746934e-01
5.977103195067999808e-01  9.969199221317143200e-01
6.009372340176000193e-01  9.968819763348640839e-01
6.041641486252999904e-01  9.968409923455830990e-01
6.073910633283999827e-01  9.968056210248656956e-01
6.106179781252000227e-01  9.967658861042112406e-01
6.138448930144000393e-01  9.967293842848884422e-01
6.170718079945000101e-01  9.966917145437433900e-01
6.202987230640000238e-01  9.966523424413276100e-01
6.235256382216000093e-01  9.966123011575839241e-01
6.267525534658999753e-01  9.965732842756606091e-01
6.299794687955999617e-01  9.965307742607756314e-01
6.332063842092999773e-01  9.964895988794872927e-01
6.364332997057999819e-01  9.964493062123549461e-01
6.396602152838000155e-01  9.964097866318710750e-01
6.428871309421000380e-01  9.963713344464322219e-01
6.461140466795000092e-01  9.963312542343251144e-01
6.493409624946999692e-01  9.962944893895853138e-01
6.525678783867999710e-01  9.962463268096970470e-01
6.557947943544000236e-01  9.962033919826219774e-01
6.590217103965000378e-01  9.961558857784842402e-01
6.622486265120000049e-01  9.961108193893665197e-01
6.654755426998999468e-01  9.960733435621332843e-01
6.687024589590000456e-01  9.960361695375273827e-01
6.719293752884000215e-01  9.959905365318162396e-01
6.751562916871000075e-01  9.959476816631058771e-01
6.783832081538999637e-01  9.959040039988222848e-01
6.816101246881000053e-01  9.958666986363903240e-01
6.848370412886000125e-01  9.958063149559068794e-01
6.880639579545000384e-01  9.957641729021853294e-01
6.912908746847999941e-01  9.957274468058582295e-01
6.945177914787999951e-01  9.956769160454541634e-01
6.977447083354000323e-01  9.956328066282956746e-01
7.009716252537999681e-01  9.955816592614901150e-01
7.041985422331999978e-01  9.955401272604762486e-01
7.074254592727999835e-01  9.954878032501038865e-01
7.106523763715999475e-01  9.954521869785902810e-01
7.138792935290000363e-01  9.953985041790861521e-01
7.171062107440999700e-01  9.953467420171352442e-01
7.203331280161000549e-01  9.952997571084789552e-01
7.235600453442999624e-01  9.952519207558641057e-01
7.267869627278999989e-01  9.952057913311970205e-01
7.300138801661999466e-01  9.951535297705252914e-01
7.332407976584000009e-01  9.951034298836930470e-01
7.364677152038999752e-01  9.950589265676106354e-01
7.396946328019999850e-01  9.950047049384908027e-01
7.429215504519000035e-01  9.949654297860316410e-01
7.461484681529999552e-01  9.949175488087697028e-01
7.493753859046999866e-01  9.948560937700988704e-01
7.526023037061999599e-01  9.948051327451500336e-01
7.558292215570000527e-01  9.947570316638668642e-01
8.254817942443000156e-01  9.935876304332782460e-01
9.260337809452999780e-01  9.916429608978507559e-01
1.085585600774999993e+00  9.879408836573235764e-01
1.338474479103999970e+00  9.804323267692847121e-01
1.682648331270000019e+00  9.669000132037375295e-01
2.118286406954000167e+00  9.442927000282524963e-01
2.666764441949999842e+00  9.076066891505636391e-01
3.357257523171000013e+00  8.503392948194153922e-01
4.226536809857000421e+00  7.660774729835447827e-01
5.320894593811999584e+00  6.517642701656408688e-01
6.698609417629000085e+00  5.129162902340926866e-01
8.433049619535999852e+00  3.654687359124518253e-01
1.061658046496000019e+01  2.318870833081619065e-01
1.336548293369000007e+01  1.298318263134710104e-01
1.682614610611999950e+01  6.418297692797872434e-02
2.118286291556000123e+01  2.830477518217970265e-02
2.666764441895000104e+01  1.120240712743149174e-02
3.357257523170999747e+01  3.772622898252619636e-03
4.226536809857000065e+01  4.539625457728382473e-04
5.320894593812000295e+01  1.562124704385078064e-03
6.698609417628999552e+01  2.046411100225356376e-03
8.433049619535999852e+01  1.432892193244236431e-05
1.061658046496000054e+02  3.141817896356758223e-04
