2.342383293105000143e-05  9.996163198244850667e-01
3.640294253290000275e-05  9.996163126812256383e-01
4.946310528800000221e-05  9.996162921821952763e-01
6.264011444002999941e-05  9.996162862691438944e-01
7.597067194674999744e-05  9.996162651892177564e-01
8.949272059313999762e-05  9.996162464016759008e-01
1.032457909223000029e-04  9.996162312060837829e-01
1.172713674679000037e-04  9.996161887803883817e-01
1.316132788071000081e-04  9.996161868444487508e-01
1.463181159545000071e-04  9.996161437584676346e-01
1.614356835571999942e-04  9.996161293278246207e-01
1.770194881564999981e-04  9.996160976642675111e-01
1.931272673926999917e-04  9.996160563094406148e-01
2.098215633315000006e-04  9.996160142957638550e-01
2.271703419561000008e-04  9.996159643647389847e-01
2.452476591082000169e-04  9.996159017816346193e-01
2.641343705579999907e-04  9.996158490986851719e-01
2.839188801351999925e-04  9.996157770940525822e-01
3.046979146271000093e-04  9.996157003125215601e-01
3.265773070425999911e-04  9.996156131549672752e-01
3.496727604299000201e-04  9.996155126074703912e-01
3.741105523459999733e-04  9.996153963865547221e-01
4.000281250385999974e-04  9.996152560823343691e-01
4.275744884951000117e-04  9.996151220607610854e-01
4.569103433296999982e-04  9.996149506676972329e-01
4.882078095339999983e-04  9.996147668439383516e-01
5.216496281938000443e-04  9.996145247752952212e-01
5.574276908159000229e-04  9.996142947524615519e-01
5.957407511939000373e-04  9.996140020629337153e-01
6.367911955803000519e-04  9.996136654382447029e-01
6.807807965190000327e-04  9.996132834540508716e-01
7.279054603767000234e-04  9.996128423039436495e-01
7.783490993949999459e-04  9.996123365107062453e-01
8.322769077473000281e-04  9.996117436132202494e-01
8.898284771441000067e-04  9.996110894539687042e-01
9.511113186615999639e-04  9.996103253215969930e-01
1.016195425127999980e-03  9.996094603851820581e-01
1.085109479161999908e-03  9.996084613452025369e-01
1.157839171331000085e-03  9.996073198802769566e-01
1.234327855731000073e-03  9.996060626118015158e-01
1.314479481105999999e-03  9.996046566134965117e-01
1.398163456702000013e-03  9.996055842890609888e-01
1.485220903130000025e-03  9.996075664922926540e-01
1.575471637345000073e-03  9.996092910309942736e-01
1.668721253526000070e-03  9.996108694000286343e-01
1.764767765305999981e-03  9.996122542155200241e-01
1.863407430655000026e-03  9.996134996148594576e-01
1.964439548200999901e-03  9.996146319631573629e-01
2.067670161984999817e-03  9.996156517760229621e-01
2.172914723490999931e-03  9.996166207055067199e-01
2.279999830918000205e-03  9.996174709701319827e-01
2.388764200752999979e-03  9.996183113759616878e-01
2.499059034258999806e-03  9.996190854769312351e-01
2.610747931227000093e-03  9.996197892481603064e-01
2.723706483268000054e-03  9.996205072732238239e-01
2.837821655157999820e-03  9.996211828365361152e-01
2.952991039222000076e-03  9.996217962411758640e-01
3.069122046565000202e-03  9.996224451178751247e-01
3.186131081215000035e-03  9.996230323780702642e-01
3.303942728952000141e-03  9.996236013573694956e-01
3.422488981608999819e-03  9.996241076521312774e-01
3.541708509405000135e-03  9.996246090723404087e-01
3.661545987944000036e-03  9.996249899441457254e-01
3.781951482332999905e-03  9.996254363402347076e-01
3.902879888069000006e-03  9.996256491988223525e-01
4.024290426521999822e-03  9.996258435566457434e-01
4.146146191760000099e-03  9.996258716150592250e-01
4.268413744854000075e-03  9.996257697413096777e-01
4.391062751608000060e-03  9.996254788274389069e-01
4.514065659595000411e-03  9.996251178035172602e-01
4.637397410593000271e-03  9.996244931448754478e-01
4.761035184691999808e-03  9.996234680669010553e-01
4.884958172655999749e-03  9.996225184935249031e-01
5.009147373413000426e-03  9.996211137460808693e-01
5.133585413842000136e-03  9.996209491979896056e-01
5.258256388329000247e-03  9.996192890342880943e-01
5.383145715826999876e-03  9.996166797233727586e-01
5.508240012399000414e-03  9.996158746194895306e-01
5.633526977479000331e-03  9.996128217949796779e-01
5.758995292258000179e-03  9.996121571451616061e-01
5.884634528810999896e-03  9.996107140307673999e-01
6.010435068743999812e-03  9.996087551338677102e-01
6.136388030264000072e-03  9.996057887597313840e-01
6.262485202736999858e-03  9.996041931223690336e-01
6.388718987883000057e-03  9.996016645986854909e-01
6.515082346875000242e-03  9.995996932568208537e-01
6.641568752687000005e-03  9.995970195317351870e-01
6.768172147119000392e-03  9.995950549153455045e-01
6.894886901990000296e-03  9.995932144868912017e-01
7.021707784050999768e-03  9.995911175540020954e-01
7.148629923229000288e-03  9.995888295081544195e-01
7.275648783837999727e-03  9.995868426468769163e-01
7.402760138463000163e-03  9.995849956810608505e-01
7.529960044226000071e-03  9.995832566108087125e-01
7.657244821209999858e-03  9.995815476476456185e-01
7.784611032801000072e-03  9.995799711565419576e-01
7.912055467775000461e-03  9.995785271880828216e-01
8.039575123947999627e-03  9.995772935201384657e-01
8.167167193239000672e-03  9.995762008480562066e-01
8.294829048008000444e-03  9.995751072759496703e-01
8.422558228548000098e-03  9.995744209955709225e-01
8.550352431629000549e-03  9.995737496912673326e-01
8.678209499976000801e-03  9.995734909195055362e-01
8.806127412625000539e-03  9.995732584403324017e-01
8.934104276039000689e-03  9.995731101372598015e-01
9.062138315956999243e-03  9.995733001378689364e-01
9.190227869873000485e-03  9.995737752593873982e-01
9.318371380113000743e-03  9.995740916617938954e-01
9.446567387450999567e-03  9.995747309023798044e-01
9.574814525214999164e-03  9.995759998351834152e-01
9.703111513842000574e-03  9.995768279686834124e-01
9.831457155845999343e-03  9.995782343155936722e-01
9.959850331168999468e-03  9.995796993480711157e-01
1.008828999285999936e-02  9.995813449996316935e-01
1.021677516311999927e-02  9.995832915871336599e-01
1.034530492954000014e-02  9.995851626635882115e-01
1.047387844175000013e-02  9.995874114425516987e-01
1.060249490818000045e-02  9.995899764327498271e-01
1.073115359313999914e-02  9.995926718894549978e-01
1.085985381406999982e-02  9.995954658606438503e-01
1.098859493898999944e-02  9.995984767610972543e-01
1.111737638413999932e-02  9.996016291579556956e-01
1.124619761177000042e-02  9.996050075220306308e-01
1.137505812813000006e-02  9.996085371529539465e-01
1.150395748153000032e-02  9.996120930025855778e-01
1.163289526057000034e-02  9.996160631243056205e-01
1.176187109252999942e-02  9.996198903864459417e-01
1.189088464182000079e-02  9.996240559216618138e-01
1.201993560854999928e-02  9.996280845910071600e-01
1.214902372723000029e-02  9.996325925461554407e-01
1.227814876551000002e-02  9.996365624770976455e-01
1.240731052307000003e-02  9.996409192631997565e-01
1.253650883052000002e-02  9.996455206085336220e-01
1.266574354845000083e-02  9.996498325083570391e-01
1.279501456648999939e-02  9.996543196518008489e-01
1.292432180247999988e-02  9.996586191995155968e-01
1.305366520166999916e-02  9.996628317506272010e-01
1.318304473600000019e-02  9.996674073635758440e-01
1.331246040342999939e-02  9.996716987996118187e-01
1.344191222730999925e-02  9.996760909109597693e-01
1.357140025581999969e-02  9.996801507258826769e-01
1.370092456144000014e-02  9.996843004251565468e-01
1.383048524048000050e-02  9.996883931359673570e-01
1.396008241263000001e-02  9.996925363003551501e-01
1.408971622055999948e-02  9.996965549633941572e-01
1.421938682957000002e-02  9.997005115976483891e-01
1.434909442725000074e-02  9.997042609175575967e-01
1.447883922318999976e-02  9.997081666941707301e-01
1.460862144872000085e-02  9.997117494939886662e-01
1.473844135669000015e-02  9.997157522048927270e-01
1.486829922125999966e-02  9.997192108008912115e-01
1.499819533770000053e-02  9.997228441660841458e-01
1.512813002230000044e-02  9.997262783698365185e-01
1.525810361221000000e-02  9.997298162961140156e-01
1.538811646535000015e-02  9.997331983722398396e-01
1.551816896034000082e-02  9.997364834371779141e-01
1.564826149647000064e-02  9.997401126367937430e-01
1.577839449362999913e-02  9.997431009211643627e-01
1.590856839236000006e-02  9.997466624752634479e-01
1.603878365381000010e-02  9.997497359858822374e-01
1.616904075982000116e-02  9.997527340999299295e-01
1.629934021298000066e-02  9.997559941172271536e-01
1.642968253664000081e-02  9.997589816859286938e-01
1.656006827509000010e-02  9.997623962581626555e-01
1.669049799362000083e-02  9.997654597501485219e-01
1.682097227867000028e-02  9.997686083236797527e-01
1.695149173796000122e-02  9.997715972402674289e-01
1.708205700069000132e-02  9.997747448162420669e-01
1.721266871769000159e-02  9.997774672558165099e-01
1.734332756164999947e-02  9.997808749401533301e-01
1.747403422731999903e-02  9.997840670381197281e-01
1.760478943174999950e-02  9.997869857170168517e-01
1.773559391451999881e-02  9.997901190076177169e-01
1.786644843807000047e-02  9.997931890361699825e-01
1.799735378792000073e-02  9.997964753019230599e-01
1.812831077299000004e-02  9.997995251266736938e-01
1.825932022595999973e-02  9.998026023414926522e-01
1.839038300351999999e-02  9.998051700712564660e-01
1.852149998682999996e-02  9.998086455672625661e-01
1.865267208179000047e-02  9.998117380747031380e-01
1.878390021947000041e-02  9.998143940653233530e-01
1.891518535653000099e-02  9.998177543466509887e-01
1.904652847560999937e-02  9.998214629861986724e-01
1.917793058575999882e-02  9.998248601041819228e-01
1.930939272295000009e-02  9.998278844869240567e-01
1.944091595045999848e-02  9.998306486689210182e-01
1.957250135945999905e-02  9.998341272886777098e-01
1.970415006943000008e-02  9.998369314175933331e-01
1.983586322877000166e-02  9.998407334504350041e-01
1.996764201530000157e-02  9.998435350135852495e-01
2.009948763680999978e-02  9.998462859597311292e-01
2.023140133172000171e-02  9.998499611152907862e-01
2.036338436961000059e-02  9.998527051871969329e-01
2.049543805186999912e-02  9.998563529467859867e-01
2.062756371237000133e-02  9.998589326103501929e-01
2.075976271810999960e-02  9.998622278038982181e-01
2.089203646990999905e-02  9.998651219672916035e-01
2.102438640313999962e-02  9.998683085739943355e-01
2.115681398843000105e-02  9.998709515675250348e-01
2.128932073245999937e-02  9.998742174269263927e-01
2.142190817872999947e-02  9.998768316318492611e-01
2.155457790838000154e-02  9.998792883908599327e-01
2.168733154098999999e-02  9.998826369392689317e-01
2.182017073550000102e-02  9.998852135835666344e-01
2.195309719105000001e-02  9.998880387467878883e-01
2.208611264795000070e-02  9.998892640037780888e-01
2.221921888854999985e-02  9.998923556796438517e-01
2.235241773827999906e-02  9.998954754901476782e-01
2.248571106664000105e-02  9.998979329983703757e-01
2.261910078821999931e-02  9.999003009973693734e-01
2.275258886378999854e-02  9.999025105224690346e-01
2.288617730139000037e-02  9.999048099071937701e-01
2.301986815748000015e-02  9.999074547023120152e-01
2.315366353810000000e-02  9.999095005256971591e-01
2.328756560010000060e-02  9.999116477316509766e-01
2.342157655234999858e-02  9.999137539428439858e-01
2.355569865706999902e-02  9.999150295136928213e-01
2.368993423115000121e-02  9.999178313806418306e-01
2.382428564748999972e-02  9.999201867491032125e-01
2.395875533646000047e-02  9.999216631344719497e-01
2.409334578731999951e-02  9.999244947296473951e-01
2.422805954973000081e-02  9.999248536868110548e-01
2.436289923535000027e-02  9.999277180528020059e-01
2.449786751935999901e-02  9.999291936744383325e-01
2.463296714220999939e-02  9.999319843916010253e-01
2.476820091124999970e-02  9.999345414448645997e-01
2.490357170255000016e-02  9.999354408350886736e-01
2.503908246269000160e-02  9.999375594710887549e-01
2.517473621066999845e-02  9.999393911357061793e-01
2.531053603981999953e-02  9.999418101858578156e-01
2.544648511984999931e-02  9.999431008658576925e-01
2.558258669890000128e-02  9.999441280316003766e-01
2.571884410571000090e-02  9.999476406744266521e-01
2.585526075181000111e-02  9.999496003096537411e-01
2.599184013383000133e-02  9.999509036331906131e-01
2.612858583591000025e-02  9.999521644394359088e-01
2.626550153208000171e-02  9.999551653612892554e-01
2.640259098886999986e-02  9.999562858058897996e-01
2.653985806791000004e-02  9.999582129483119974e-01
2.667730672864999930e-02  9.999603818953126666e-01
2.681494103116999900e-02  9.999615133695174407e-01
2.695276513912000030e-02  9.999627499715681989e-01
2.709078332275000056e-02  9.999648821108233498e-01
2.722899996197000044e-02  9.999673879475527993e-01
2.736741954970000126e-02  9.999685873438068917e-01
2.750604669514000039e-02  9.999699494019127499e-01
2.764488612728999845e-02  9.999720666764468913e-01
2.778394269859000079e-02  9.999744366684168995e-01
2.792322138863000125e-02  9.999756588740027485e-01
2.806272730803999887e-02  9.999769417313119080e-01
2.820246570255999924e-02  9.999778093549143154e-01
2.834244195719000034e-02  9.999805790674843875e-01
2.848266160057999832e-02  9.999816025561412136e-01
2.862313030949999865e-02  9.999836852674941490e-01
2.876385391357999879e-02  9.999850196100804611e-01
2.890483840016000103e-02  9.999851530322287907e-01
2.904608991937000090e-02  9.999881785209684404e-01
2.918761478940000084e-02  9.999886672596849380e-01
2.932941950199999953e-02  9.999905727869650152e-01
2.947151072816000042e-02  9.999919573755311486e-01
2.961389532407000119e-02  9.999919793585226868e-01
2.975658033728000029e-02  9.999928223143875750e-01
2.989957301316999855e-02  9.999941975985991993e-01
3.004288080165000083e-02  9.999970149666115304e-01
3.018651136413999861e-02  9.999988349657404907e-01
3.033047258086999862e-02  1.000000222116381288e+00
3.047477255847000008e-02  1.000001606049243819e+00
3.061941963791999996e-02  1.000001857531878757e+00
3.076442240283000160e-02  1.000004139026464900e+00
3.090978968803000104e-02  1.000005001651314895e+00
3.105553058867999844e-02  1.000007392108571036e+00
3.120165446963000036e-02  1.000007252830838134e+00
3.134817097529000313e-02  1.000008570608367675e+00
3.149509003997000289e-02  1.000008695761503086e+00
3.164242189863000071e-02  1.000008335212415833e+00
3.179017709815999682e-02  1.000011049624285331e+00
3.193836650918999848e-02  1.000014295550497589e+00
3.208700133848999686e-02  1.000014658169729342e+00
3.223609314189000014e-02  1.000014544936548067e+00
3.238565383789999974e-02  1.000016529312931279e+00
3.253569572191999937e-02  1.000018129100878950e+00
3.268623148121999750e-02  1.000020133282446100e+00
3.283727421064999707e-02  1.000021056517364837e+00
3.298883742906000283e-02  1.000022506687446855e+00
3.314093509666000276e-02  1.000023231392841883e+00
3.329358163321000097e-02  1.000024861352352801e+00
3.344679193717999682e-02  1.000024992581984851e+00
3.360058140586000275e-02  1.000026185149587965e+00
3.375496595658000060e-02  1.000027047515453571e+00
3.390996204906999989e-02  1.000028406642630152e+00
3.406558670899000052e-02  1.000028739013557155e+00
3.422185755273000202e-02  1.000030364097707958e+00
3.437879281367999668e-02  1.000031777351173989e+00
3.453641136978000126e-02  1.000032552388712581e+00
3.469473277283999929e-02  1.000033133291706733e+00
3.485377727933999803e-02  1.000033227290370696e+00
3.501356588310999829e-02  1.000034763876963106e+00
3.517412034990999997e-02  1.000034810419411890e+00
3.533546325399000015e-02  1.000036790888021665e+00
3.549761801687000007e-02  1.000037820592304838e+00
3.566060894848999824e-02  1.000037881231817138e+00
3.582446129078999814e-02  1.000038899103786072e+00
3.598920126405000253e-02  1.000040199052886658e+00
3.615485611608999783e-02  1.000040969761025744e+00
3.632145417463000098e-02  1.000042777465924404e+00
3.648902490294000239e-02  1.000044708032278296e+00
3.665759895916000100e-02  1.000042849449125359e+00
3.682720825946000226e-02  1.000045355519889601e+00
3.699788604549000132e-02  1.000045193707874480e+00
3.716966695624999983e-02  1.000047522128121757e+00
3.734258710503000206e-02  1.000048592007760861e+00
3.751668416150000240e-02  1.000049522816339520e+00
3.769199743973999928e-02  1.000049218461225298e+00
3.786856799238000337e-02  1.000050241224417658e+00
3.804643871160000301e-02  1.000050192853543685e+00
3.822565443750999825e-02  1.000051796428704787e+00
3.840626207456999952e-02  1.000053385445165199e+00
3.858831071676999819e-02  1.000055493790766414e+00
3.877185178230999757e-02  1.000054893147910962e+00
3.895693915878999797e-02  1.000055836963207767e+00
3.914362935977999669e-02  1.000055532153022675e+00
3.933198169386999815e-02  1.000056550666948985e+00
3.952205844746999736e-02  1.000057313027775674e+00
3.971392508256999659e-02  1.000057964059598792e+00
3.990765045114000320e-02  1.000059330647975253e+00
4.010330702764999811e-02  1.000059714182486070e+00
4.030097116175000022e-02  1.000059182339387842e+00
4.050072335306999921e-02  1.000060955822119180e+00
4.070264855055000242e-02  1.000062041327639095e+00
4.090683647901999925e-02  1.000062944106427709e+00
4.111338199580000241e-02  1.000063703243938340e+00
4.132238548097000308e-02  1.000064302905736335e+00
4.153395326486999939e-02  1.000064666177196804e+00
4.174819809725999892e-02  1.000065345008533724e+00
4.196523966309000098e-02  1.000066173874721187e+00
4.218520515027000123e-02  1.000065904139206152e+00
4.240822987608999783e-02  1.000065457668572355e+00
4.263445797926999903e-02  1.000067093624648740e+00
4.286404318622000220e-02  1.000067854545336532e+00
4.309714966093999844e-02  1.000068798720859631e+00
4.333395294972999801e-02  1.000069650985669245e+00
4.357464103337999745e-02  1.000069860502831309e+00
4.381941550160999704e-02  1.000070235762474891e+00
4.406849286705000202e-02  1.000071633205873667e+00
4.432210603856000242e-02  1.000072548686266938e+00
4.458050597736999687e-02  1.000071663172045877e+00
4.484396356345000251e-02  1.000072405272840914e+00
4.511277170410000342e-02  1.000072318559874551e+00
4.538724772293999815e-02  1.000074018099314177e+00
4.566773607405000268e-02  1.000074083051381679e+00
4.595461143469999760e-02  1.000074007384297969e+00
4.624828224029999685e-02  1.000074628944806587e+00
4.654919473759999704e-02  1.000076967209774237e+00
4.685783764769999721e-02  1.000075338889079068e+00
4.717474754900000122e-02  1.000075601169356787e+00
4.750051511378999836e-02  1.000075776267727701e+00
4.783579236068000173e-02  1.000076730580448547e+00
4.818130112139999699e-02  1.000076557958864854e+00
4.853784296490999683e-02  1.000080226009052664e+00
4.890631087873999888e-02  1.000079062140610819e+00
4.928770307798999856e-02  1.000079852133676894e+00
4.968313940269000056e-02  1.000077302345749874e+00
5.009388087814999752e-02  1.000079800996361179e+00
5.052135315806000060e-02  1.000078959827561231e+00
5.096717475517999890e-02  1.000078186626901511e+00
5.143319119998999989e-02  1.000079761544155454e+00
5.192151656801999998e-02  1.000077855737205201e+00
5.243458419639999979e-02  1.000078969836054155e+00
5.297520888712999726e-02  1.000079181304856402e+00
5.354666348236999940e-02  1.000078904460211859e+00
5.415277340089000302e-02  1.000077312100921656e+00
5.479803351984999932e-02  1.000076416105313060e+00
5.548775258666999860e-02  1.000076656738103198e+00
5.622823092960999719e-02  1.000075184035620124e+00
5.702697710802000219e-02  1.000074321333692007e+00
5.789296727696000011e-02  1.000074523361694556e+00
5.883694541751000040e-02  1.000072068123176505e+00
5.987174944330000276e-02  1.000070900521476291e+00
6.101262103224999733e-02  1.000068694566563998e+00
6.227740592641999723e-02  1.000066141489198701e+00
6.368646502154000355e-02  1.000063602402199381e+00
6.526199294982999721e-02  1.000060680221854792e+00
6.702631936099999466e-02  1.000055997161105159e+00
6.899878776555999627e-02  1.000051395607362892e+00
7.119123942058999677e-02  1.000046346249701568e+00
7.360319226419000105e-02  1.000040759246088484e+00
7.621906419804999611e-02  1.000034945251332630e+00
7.900978336236999522e-02  1.000029837356971374e+00
8.193878942809000587e-02  1.000023840341276005e+00
8.496946685311999869e-02  1.000018097180980448e+00
8.807056713638999890e-02  1.000013313992873965e+00
9.121831404843999680e-02  1.000009163729028927e+00
9.439600766917000119e-02  1.000004902952166930e+00
9.759253160950999428e-02  1.000001820254894369e+00
1.008007399332999932e-01  9.999981093677382527e-01
1.040161395221999990e-01  9.999949652635052866e-01
1.072359438979999940e-01  9.999915053091152917e-01
1.104584395221999971e-01  9.999855963719691543e-01
1.136825780167999983e-01  9.999820561404956232e-01
1.169077198769999937e-01  9.999766087462578223e-01
1.201334756447000052e-01  9.999717077241578878e-01
1.233596083090000017e-01  9.999640554980037122e-01
1.265859736348000086e-01  9.999569470693913109e-01
1.298124837924000130e-01  9.999502836474247758e-01
1.330390852286000014e-01  9.999431643747480614e-01
1.362657452181000040e-01  9.999359290929078492e-01
1.394924436952000024e-01  9.999298038927423304e-01
1.427191682928000138e-01  9.999229703994135798e-01
1.459459113312999989e-01  9.999175896744800784e-01
1.491726679892000085e-01  9.999125943466875555e-01
1.523994351919999990e-01  9.999089646235045370e-01
1.556262109368999891e-01  9.999044658351938786e-01
1.588529938823000087e-01  9.999015600994854980e-01
1.620797830968999931e-01  9.998980594380051379e-01
1.653065779078000119e-01  9.998954243293296518e-01
1.685333778064999899e-01  9.998928231018955337e-01
1.717601823915000103e-01  9.998900029979244097e-01
1.749869913329999971e-01  9.998864838423182633e-01
1.782138043509000069e-01  9.998833097321191410e-01
1.814406212005000019e-01  9.998795902323286411e-01
1.846674416639000060e-01  9.998747392002150791e-01
1.878942655439999887e-01  9.998704229222106221e-01
1.911210926606000116e-01  9.998656904708173032e-01
1.943479228476999998e-01  9.998605890128141604e-01
1.975747559516999874e-01  9.998564609493695299e-01
2.008015918292999913e-01  9.998512362207240267e-01
2.040284303474000083e-01  9.998477046359283138e-01
2.072552713810000002e-01  9.998452800001846885e-01
2.104821148134000119e-01  9.998412861176295685e-01
2.137089605348000132e-01  9.998359435062849077e-01
2.169358084424000133e-01  9.998345314100651748e-01
2.201626584390999897e-01  9.998337925190443620e-01
2.233895104339000126e-01  9.998320215030760405e-01
2.266163643406000072e-01  9.998291890801082049e-01
2.298432200782999923e-01  9.998278656374275375e-01
2.330700775702999883e-01  9.998263388969097498e-01
2.362969367441999924e-01  9.998248745533564463e-01
2.395237975317000001e-01  9.998228321185044232e-01
2.427506598679000094e-01  9.998206777726210692e-01
2.459775236916000030e-01  9.998178296738589044e-01
2.492043889445000049e-01  9.998144071169151603e-01
2.524312555714000039e-01  9.998110451563178014e-01
2.556581235202000091e-01  9.998073627207909597e-01
2.588849927408999885e-01  9.998018602256419918e-01
2.621118631864000070e-01  9.997970025803762928e-01
2.653387348115999744e-01  9.997930139233194291e-01
2.685656075739000226e-01  9.997904753315981496e-01
2.717924814325000105e-01  9.997862519016309513e-01
2.750193563484999992e-01  9.997824098608861787e-01
2.782462322848999747e-01  9.997779127259084353e-01
2.814731092066000140e-01  9.997764581719109644e-01
2.846999870797000121e-01  9.997728228699255260e-01
2.879268658720999796e-01  9.997706472272481770e-01
2.911537455529999985e-01  9.997681138786732591e-01
2.943806260931999819e-01  9.997662795691171223e-01
2.976075074644999874e-01  9.997654283687669174e-01
3.008343896399999773e-01  9.997627081950770656e-01
3.040612725938999783e-01  9.997604961694899206e-01
3.072881563016000017e-01  9.997593088234906222e-01
3.105150407396000123e-01  9.997570522873802101e-01
3.137419258851000259e-01  9.997547636750849787e-01
3.169688117164000118e-01  9.997524487452039699e-01
3.201956982126999973e-01  9.997488177075575244e-01
3.234225853539999807e-01  9.997468107333892240e-01
3.266494731210999869e-01  9.997424410855070276e-01
3.298763614954999812e-01  9.997394064857848539e-01
3.331032504595000110e-01  9.997355999271968496e-01
3.363301399959999771e-01  9.997332129580254190e-01
3.395570300886999737e-01  9.997299977324959341e-01
3.427839207216999973e-01  9.997260066738878903e-01
3.460108118799000154e-01  9.997243258952058786e-01
3.492377035486999848e-01  9.997218589778317233e-01
3.524645957138999863e-01  9.997189707701179540e-01
3.556914883619999856e-01  9.997169708114785891e-01
3.589183814799000172e-01  9.997147850804005698e-01
3.621452750549000177e-01  9.997129679348474296e-01
3.653721690751000062e-01  9.997120302568995864e-01
3.685990635283999950e-01  9.997097745694993876e-01
3.718259584038000054e-01  9.997072254352745713e-01
3.750528536902000276e-01  9.997050195754078050e-01
3.782797493769999853e-01  9.997027093776222895e-01
3.815066454539999818e-01  9.997001166438825859e-01
3.847335419114999988e-01  9.996981196268527325e-01
3.879604387398000176e-01  9.996953329045481507e-01
3.911873359297999841e-01  9.996921725905018041e-01
3.944142334724999865e-01  9.996897147303065445e-01
3.976411313593000152e-01  9.996870857278218336e-01
4.008680295818000117e-01  9.996853473385067801e-01
4.040949281321000175e-01  9.996806044229525900e-01
4.073218270021999876e-01  9.996779813320438857e-01
4.105487261845999769e-01  9.996765663074229646e-01
4.137756256719999914e-01  9.996745044631890620e-01
4.170025254572999884e-01  9.996715168224733494e-01
4.202294255335000117e-01  9.996692704647124339e-01
4.234563258940000074e-01  9.996664620825008729e-01
4.266832265323000084e-01  9.996659790015687275e-01
4.299101274421999741e-01  9.996637599654726314e-01
4.331370286174999751e-01  9.996616740274133495e-01
4.363639300523000086e-01  9.996576730492507945e-01
4.395908317409999988e-01  9.996561910768144710e-01
4.428177336779000051e-01  9.996544292816060828e-01
4.460446358576000137e-01  9.996514476307655217e-01
4.492715382747999864e-01  9.996519446984217794e-01
4.524984409246000094e-01  9.996490011666471220e-01
4.557253438018999958e-01  9.996459206586822965e-01
4.589522469017999762e-01  9.996440082758272228e-01
4.621791502197999946e-01  9.996422760271954644e-01
4.654060537513000084e-01  9.996394097141981794e-01
4.686329574918000063e-01  9.996383939653464834e-01
4.718598614369999833e-01  9.996353826478314719e-01
4.750867655827999969e-01  9.996325170646808145e-01
4.783136699250999935e-01  9.996312591951974635e-01
4.815405744599000060e-01  9.996285543248318861e-01
4.847674791832999874e-01  9.996266598188324748e-01
4.879943840916999842e-01  9.996232849722876956e-01
4.912212891812999804e-01  9.996223100146802709e-01
4.944481944486999736e-01  9.996227378654514162e-01
4.976750998901999790e-01  9.996196638268565193e-01
5.009020055026000007e-01  9.996175000318573423e-01
5.041289112825000363e-01  9.996144866861573774e-01
5.073558172268000099e-01  9.996148494658844141e-01
5.105827233323000369e-01  9.996124262506949076e-01
5.138096295959999615e-01  9.996088451233482441e-01
5.170365360148999612e-01  9.996076656350498801e-01
5.202634425859999912e-01  9.996071650085819327e-01
5.234903493067000202e-01  9.996035810602136307e-01
5.267172561741000347e-01  9.996032935955386778e-01
5.299441631854999724e-01  9.996015840830575483e-01
5.331710703384000549e-01  9.995990248618350504e-01
5.363979776300999980e-01  9.995957415616297803e-01
5.396248850581000234e-01  9.995962878351514203e-01
5.428517926200999710e-01  9.995944085835524184e-01
5.460787003135999518e-01  9.995915790187095418e-01
5.493056081363999477e-01  9.995879944124498317e-01
5.525325160859999585e-01  9.995861396018639322e-01
5.557594241604000285e-01  9.995848393910127250e-01
5.589863323572999976e-01  9.995833793316827309e-01
5.622132406747000211e-01  9.995821084250364752e-01
5.654401491105000011e-01  9.995775654440764990e-01
5.686670576625999507e-01  9.995790158158108785e-01
5.718939663290999453e-01  9.995768276414193076e-01
5.751208751080000292e-01  9.995745097401259605e-01
5.783477839974999757e-01  9.995706918680224984e-01
5.815746929956999711e-01  9.995716370085686586e-01
5.848016021008000109e-01  9.995683552935012983e-01
5.880285113109999795e-01  9.995666153203022208e-01
5.912554206247000455e-01  9.995664517667661730e-01
5.944823300400999821e-01  9.995634441165331951e-01
5.977092395555999582e-01  9.995610759927218147e-01
6.009361491695000002e-01  9.995614116272325544e-01
6.041630588802999746e-01  9.995577792295338160e-01
6.073899686864999703e-01  9.995547654847274366e-01
6.106168785864000137e-01  9.995537966124226070e-01
6.138437885787000337e-01  9.995532462433898147e-01
6.170706986619000078e-01  9.995521309526377296e-01
6.202976088345000250e-01  9.995502291101692194e-01
6.235245190952000138e-01  9.995499777324826640e-01
6.267514294425999832e-01  9.995449177698433330e-01
6.299783398753999730e-01  9.995444486299990272e-01
6.332052503921999920e-01  9.995447072553135248e-01
6.364321609918000000e-01  9.995435806333972106e-01
6.396590716729000370e-01  9.995406763196696964e-01
6.428859824342999518e-01  9.995369614979607853e-01
6.461128932748000375e-01  9.995361412714408589e-01
6.493398041932000320e-01  9.995335753510161680e-01
6.525667151883000061e-01  9.995325360884393939e-01
6.557936262589999510e-01  9.995297926302355584e-01
6.590205374042999997e-01  9.995256148859503753e-01
6.622474486228999702e-01  9.995268231337574028e-01
6.654743599137999954e-01  9.995262183482770402e-01
6.687012712761000177e-01  9.995251705770433759e-01
6.719281827085999970e-01  9.995211280689368927e-01
6.751550942102999553e-01  9.995196553785856697e-01
6.783820057802999459e-01  9.995173414462357186e-01
6.816089174175999910e-01  9.995168077860905331e-01
6.848358291212000015e-01  9.995144115380006911e-01
6.880627408900999997e-01  9.995116717364805892e-01
6.912896527235999899e-01  9.995100624345196749e-01
6.945165646205999632e-01  9.995092313532879524e-01
6.977434765804000349e-01  9.995106157158406557e-01
7.009703886018999741e-01  9.995090506957724497e-01
7.041973006844000071e-01  9.995053881932683959e-01
7.074242128270999963e-01  9.995043358638792119e-01
7.106511250289999637e-01  9.994992846378348839e-01
7.138780372894999449e-01  9.995003813242421264e-01
7.171049496076999930e-01  9.994990634187612688e-01
7.203318619827999703e-01  9.994956603053470889e-01
7.235587744140999922e-01  9.994950087698351027e-01
7.267856869008000320e-01  9.994951192171424026e-01
7.300125994421999831e-01  9.994899442661241418e-01
7.332395120375000408e-01  9.994880585107459581e-01
7.364664246862000496e-01  9.994882387218234632e-01
7.396933373873000317e-01  9.994857225888172936e-01
7.429202501403999737e-01  9.994870390337384780e-01
7.461471629446000398e-01  9.994847778902336000e-01
7.493740757993999635e-01  9.994852899607319374e-01
7.526009887040000512e-01  9.994802240224927026e-01
7.558279016579000364e-01  9.994752515897951106e-01
8.254803040420000126e-01  9.994398392299794764e-01
9.260320163831999851e-01  9.994043309574971445e-01
1.085583366482999912e+00  9.993193374856385036e-01
1.338471573315000107e+00  9.992130477044947057e-01
1.682644654009999963e+00  9.990628945241122327e-01
2.118281777031000068e+00  9.988591409110263442e-01
2.666758613219999852e+00  9.985601018559162600e-01
3.357250185234999851e+00  9.981200516334660655e-01
4.226527571943000439e+00  9.974100393454597979e-01
5.320882963966999668e+00  9.962623831680591513e-01
6.698594776521000327e+00  9.943449422365405743e-01
8.433031187474000490e+00  9.911311162431459820e-01
1.061655726036000047e+01  9.857648539504333396e-01
1.336545372083999972e+01  9.768798059983819781e-01
1.682610932932000125e+01  9.622193193037609227e-01
2.118281661630999935e+01  9.382363068423791308e-01
2.666758613165000114e+01  9.005392439174562114e-01
3.357250185235000117e+01  8.422328181295333227e-01
4.226527571943000083e+01  7.582826643286698642e-01
5.320882963967000023e+01  6.475800755671993203e-01
6.698594776520999972e+01  5.103289141586530020e-01
8.433031187474000490e+01  3.706907783152523783e-01
1.061655726035999976e+02  2.432740400945434533e-01
1.336545372084000007e+02  1.537876710324324325e-01
1.682610932931999912e+02  7.452627162733731214e-02
2.118281661631000077e+02  3.580356255925120496e-02
2.666758613165000042e+02  1.561123579710318315e-02
3.357250185235000117e+02  6.003037483534192850e-03
4.226527571943000225e+02  1.483551867681122535e-03
