2.342383416894000027e-05  9.996172689994261562e-01
3.640294501751000042e-05  9.996172597587911213e-01
4.946310903989999732e-05  9.996172376931633519e-01
6.264011949015000312e-05  9.996172228028901152e-01
7.597067833679999917e-05  9.996172120846185116e-01
8.949272837620000139e-05  9.996171950079759672e-01
1.032458001634999984e-04  9.996171782661162908e-01
1.172713782455999981e-04  9.996171352905985907e-01
1.316132912134999986e-04  9.996171338000862105e-01
1.463181300975000107e-04  9.996170868148710476e-01
1.614356995616999927e-04  9.996170771786945242e-01
1.770195061663000025e-04  9.996170466933576026e-01
1.931272875726999967e-04  9.996170034517416481e-01
2.098215858701000017e-04  9.996169609516126764e-01
2.271703670679000100e-04  9.996169114062903871e-01
2.452476870372000042e-04  9.996168487851093687e-01
2.641344015812000044e-04  9.996167944939655658e-01
2.839189145664000168e-04  9.996167241145887949e-01
3.046979528215000175e-04  9.996166482918492635e-01
3.265773494010999994e-04  9.996165596633926897e-01
3.496728074042999759e-04  9.996164593846527113e-01
3.741106044439999868e-04  9.996163444788800367e-01
4.000281828290000127e-04  9.996162044795365853e-01
4.275745526127999849e-04  9.996160686381675431e-01
4.569104144795999890e-04  9.996159019787496103e-01
4.882078884941999761e-04  9.996157155297343833e-01
5.216497158172999716e-04  9.996154726625804399e-01
5.574277880290000060e-04  9.996152433758402900e-01
5.957408589923000181e-04  9.996149482701657263e-01
6.367913150204999699e-04  9.996146141064398138e-01
6.807809287059000221e-04  9.996142316423618501e-01
7.279056064449999485e-04  9.996137934501018174e-01
7.783492604865999663e-04  9.996132826016560502e-01
8.322770849841999892e-04  9.996126869551431593e-01
8.898286715980000374e-04  9.996120345890195935e-01
9.511115313231000273e-04  9.996112700337753676e-01
1.016195656878000030e-03  9.996104063091216796e-01
1.085109730746000069e-03  9.996094096625107728e-01
1.157839443343000032e-03  9.996082674897089904e-01
1.234328148602999945e-03  9.996070038366854371e-01
1.314479795106999896e-03  9.996055927914980765e-01
1.398163791948000027e-03  9.996065287537788668e-01
1.485221259595999972e-03  9.996085130185267120e-01
1.575472014886999906e-03  9.996102336336813998e-01
1.668721651902000010e-03  9.996118025482257918e-01
1.764768184198000061e-03  9.996132005435708345e-01
1.863407869692999992e-03  9.996144371789477123e-01
1.964440006977000164e-03  9.996155486090779752e-01
2.067670640076000200e-03  9.996166125083861820e-01
2.172915220465000078e-03  9.996175431642293496e-01
2.280000346349000170e-03  9.996184327470981623e-01
2.388764734227999832e-03  9.996192507160202023e-01
2.499059585381999907e-03  9.996200266097206022e-01
2.610748499621999997e-03  9.996207577803617461e-01
2.723707068580999945e-03  9.996214488807588783e-01
2.837822257061999986e-03  9.996221333980466195e-01
2.952991657408999930e-03  9.996227657068822436e-01
3.069122680753000060e-03  9.996233942902998937e-01
3.186131731142999909e-03  9.996239765395853460e-01
3.303943394380000169e-03  9.996245427190183497e-01
3.422489662315000066e-03  9.996250441392806607e-01
3.541709205186999859e-03  9.996255457606755268e-01
3.661546698616000017e-03  9.996259857952016770e-01
3.781952207724000210e-03  9.996263803745463195e-01
3.902880628022999988e-03  9.996265786454493485e-01
4.024291180895999721e-03  9.996268019855341080e-01
4.146146960421000401e-03  9.996268303352444651e-01
4.268414527682999615e-03  9.996266967765341516e-01
4.391063548490999752e-03  9.996264377429708858e-01
4.514066470431000316e-03  9.996260626340013333e-01
4.637398235288000062e-03  9.996254128427758401e-01
4.761036023158000431e-03  9.996243545109679829e-01
4.884959024814000163e-03  9.996234444338089054e-01
5.009148239188999929e-03  9.996220412535858912e-01
5.133586293167000103e-03  9.996218711141998670e-01
5.258257281139999857e-03  9.996201730704629140e-01
5.383146622065000317e-03  9.996175418320187855e-01
5.508240932009999744e-03  9.996168090559536257e-01
5.633527910413000349e-03  9.996137546128768259e-01
5.758996238468000288e-03  9.996130914225428432e-01
5.884635488253999770e-03  9.996116034193860411e-01
6.010436041378000062e-03  9.996096724229449615e-01
6.136389016051999913e-03  9.996066988990164326e-01
6.262486201644000376e-03  9.996051277489221842e-01
6.388719999875999873e-03  9.996025280406395375e-01
6.515083371923999916e-03  9.996005074851229688e-01
6.641569790763000164e-03  9.995979665251547575e-01
6.768173198195000066e-03  9.995960383228972290e-01
6.894887966041000384e-03  9.995941676986632718e-01
7.021708861053999572e-03  9.995920088907056522e-01
7.148631013162000045e-03  9.995897588525962663e-01
7.275649886680999809e-03  9.995875586781245437e-01
7.402761254195000008e-03  9.995859513264605534e-01
7.529961172830000257e-03  9.995841655052557506e-01
7.657245962669000094e-03  9.995824361164100669e-01
7.784612187099000137e-03  9.995809664674147887e-01
7.912056634897000201e-03  9.995793907843677495e-01
8.039576303880000691e-03  9.995781774603071934e-01
8.167168385967999572e-03  9.995771145320765383e-01
8.294830253519999697e-03  9.995760844333153594e-01
8.422559446833000757e-03  9.995753131780142908e-01
8.550353662675000063e-03  9.995748465624753054e-01
8.678210743775000360e-03  9.995743424390782783e-01
8.806128669164000125e-03  9.995741016051060690e-01
8.934105545311999894e-03  9.995741366292976160e-01
9.062139597952999920e-03  9.995742459263426971e-01
9.190229164584999555e-03  9.995746992197311886e-01
9.318372687532999396e-03  9.995750757804003905e-01
9.446568707573000864e-03  9.995757646439294986e-01
9.574815858032000027e-03  9.995767592932292001e-01
9.703112859346999658e-03  9.995778042844731814e-01
9.831458514034999846e-03  9.995791806250639011e-01
9.959851702035000046e-03  9.995806146705688011e-01
1.008829137640000068e-02  9.995823179591105667e-01
1.021677655932000037e-02  9.995842517402372396e-01
1.034530633840999997e-02  9.995862231498431338e-01
1.047387986327999974e-02  9.995884434432681376e-01
1.060249634235999917e-02  9.995908679619315285e-01
1.073115503997999938e-02  9.995935083396443321e-01
1.085985527355999916e-02  9.995964031361228574e-01
1.098859641112000067e-02  9.995993689914072222e-01
1.111737786891000071e-02  9.996024854018734640e-01
1.124619910918999918e-02  9.996059334393417872e-01
1.137505963819000071e-02  9.996094934400100440e-01
1.150395900422000045e-02  9.996130775715158512e-01
1.163289679588999995e-02  9.996169412168544044e-01
1.176187264048999918e-02  9.996209456119089509e-01
1.189088620241000004e-02  9.996249708138867929e-01
1.201993718178000041e-02  9.996290895984120128e-01
1.214902531308999917e-02  9.996332668941745325e-01
1.227815036400000011e-02  9.996376142297522804e-01
1.240731213418000065e-02  9.996419072868001354e-01
1.253651045426000012e-02  9.996464652157449615e-01
1.266574518482000040e-02  9.996506761186972900e-01
1.279501621549000018e-02  9.996552146497145186e-01
1.292432346412000083e-02  9.996595440151572198e-01
1.305366687593999958e-02  9.996638794168593023e-01
1.318304642290000009e-02  9.996682941461473293e-01
1.331246210296000050e-02  9.996729485011885963e-01
1.344191393946999984e-02  9.996769053080282186e-01
1.357140198060999975e-02  9.996810723824663958e-01
1.370092629887000035e-02  9.996854003786889153e-01
1.383048699054000019e-02  9.996893994760231994e-01
1.396008417532999986e-02  9.996934244163324657e-01
1.408971799589999949e-02  9.996974628375406846e-01
1.421938861755999914e-02  9.997013823665615861e-01
1.434909622788000001e-02  9.997053171805849736e-01
1.447884103645999919e-02  9.997090693884684853e-01
1.460862327463999938e-02  9.997127848179908627e-01
1.473844319527000020e-02  9.997167320949403857e-01
1.486830107247999987e-02  9.997202380292277146e-01
1.499819720158000053e-02  9.997238195222056811e-01
1.512813189884000022e-02  9.997272612933667535e-01
1.525810550140999956e-02  9.997307984161679650e-01
1.538811836720999950e-02  9.997341090470143188e-01
1.551817087487999958e-02  9.997374874301315772e-01
1.564826342367000092e-02  9.997408151538685894e-01
1.577839643350999882e-02  9.997441277569831808e-01
1.590857034491999916e-02  9.997473421984539588e-01
1.603878561904999861e-02  9.997505933525850930e-01
1.616904273776000045e-02  9.997538566821669859e-01
1.629934220359999936e-02  9.997569860687141041e-01
1.642968453996000028e-02  9.997601060199695633e-01
1.656007029111000034e-02  9.997635156133414247e-01
1.669050002235000080e-02  9.997664838277841026e-01
1.682097432010000101e-02  9.997694500898103298e-01
1.695149379211000062e-02  9.997726098823822571e-01
1.708205906755999939e-02  9.997757394344399806e-01
1.721267079729000074e-02  9.997786330739624194e-01
1.734332965398999865e-02  9.997818612846495201e-01
1.747403633238999929e-02  9.997850213206627146e-01
1.760479154955999978e-02  9.997879968082731272e-01
1.773559604508000154e-02  9.997910380848158418e-01
1.786645058137999870e-02  9.997941009018748160e-01
1.799735594399000035e-02  9.997972837167898863e-01
1.812831294183999895e-02  9.998003269812208993e-01
1.825932240757999897e-02  9.998035662805428991e-01
1.839038519793000093e-02  9.998061613435905715e-01
1.852150219402000017e-02  9.998096031143397511e-01
1.865267430178000133e-02  9.998127852329009579e-01
1.878390245225999844e-02  9.998155311884880936e-01
1.891518760214000103e-02  9.998187228504675783e-01
1.904653073402999899e-02  9.998224022205857153e-01
1.917793285701999834e-02  9.998252822011248764e-01
1.930939500704000056e-02  9.998288044902707838e-01
1.944091824740000127e-02  9.998321689406031165e-01
1.957250366925000068e-02  9.998352395257690262e-01
1.970415239208999844e-02  9.998378487237356005e-01
1.983586556430000022e-02  9.998413738808706874e-01
1.996764436370000034e-02  9.998447630207177861e-01
2.009948999810999906e-02  9.998474260113443535e-01
2.023140370592000151e-02  9.998505990639569019e-01
2.036338675671999984e-02  9.998540812453294846e-01
2.049544045190000024e-02  9.998570939302948712e-01
2.062756612532999981e-02  9.998602244859008392e-01
2.075976514401000131e-02  9.998633354621958569e-01
2.089203890876999842e-02  9.998663178518519823e-01
2.102438885496999907e-02  9.998701590412495399e-01
2.115681645323999951e-02  9.998720985141749118e-01
2.128932321025999927e-02  9.998751862628513232e-01
2.142191066952999975e-02  9.998776812798036984e-01
2.155458041219000115e-02  9.998804618683111434e-01
2.168733405783000029e-02  9.998835902977748491e-01
2.182017326538000096e-02  9.998858984460692323e-01
2.195309973399000095e-02  9.998887234834457072e-01
2.208611520394999916e-02  9.998915471545226641e-01
2.221922145763000067e-02  9.998951501220583182e-01
2.235242032046000013e-02  9.998965732498065195e-01
2.248571366193000132e-02  9.998988020121929443e-01
2.261910339664000014e-02  9.999013413784245685e-01
2.275259148534999887e-02  9.999034979753801400e-01
2.288617993611000156e-02  9.999059274682361442e-01
2.301987080538000011e-02  9.999083402159916201e-01
2.315366619919000113e-02  9.999103406058973409e-01
2.328756827438999838e-02  9.999122961213240401e-01
2.342157923987000026e-02  9.999147050266895542e-01
2.355570135783000008e-02  9.999165218648842224e-01
2.368993694516999954e-02  9.999186740555280339e-01
2.382428837479999909e-02  9.999209439475654770e-01
2.395875807706999983e-02  9.999225078404286871e-01
2.409334854124000128e-02  9.999250278419233862e-01
2.422806231700000076e-02  9.999266428702429099e-01
2.436290201596999841e-02  9.999287817411978141e-01
2.449787031335999912e-02  9.999306401734949779e-01
2.463296994960999936e-02  9.999319980998730983e-01
2.476820373207999984e-02  9.999345217918139683e-01
2.490357453682999836e-02  9.999361632226546615e-01
2.503908531043999922e-02  9.999389033946635141e-01
2.517473907190000137e-02  9.999405743660596535e-01
2.531053891457000007e-02  9.999424676506518672e-01
2.544648800813999884e-02  9.999437622966093064e-01
2.558258960076000010e-02  9.999450273970116321e-01
2.571884702116000038e-02  9.999498725517972364e-01
2.585526368088000154e-02  9.999498239927637755e-01
2.599184307654999956e-02  9.999527501741631852e-01
2.612858879230000111e-02  9.999534834112793202e-01
2.626550450218000099e-02  9.999556389676538259e-01
2.640259397269999891e-02  9.999571833071960736e-01
2.653986106549999918e-02  9.999594430850705651e-01
2.667730974002999883e-02  9.999607598693004418e-01
2.681494405636999923e-02  9.999631553027630293e-01
2.695276817818000048e-02  9.999649095760159145e-01
2.709078637568999859e-02  9.999667031836269038e-01
2.722900302884000145e-02  9.999680705213515042e-01
2.736742263051999968e-02  9.999696090747516308e-01
2.750604978994999894e-02  9.999712773670896837e-01
2.764488923612999985e-02  9.999732139528727526e-01
2.778394582150000083e-02  9.999751863040883260e-01
2.792322452563000129e-02  9.999774021707776850e-01
2.806273045918999953e-02  9.999779243311481824e-01
2.820246886789000082e-02  9.999801172174297426e-01
2.834244513673999863e-02  9.999806743296301148e-01
2.848266479438999951e-02  9.999835373433549890e-01
2.862313351762000094e-02  9.999840129115826759e-01
2.876385713605000144e-02  9.999863591247188932e-01
2.890484163701999981e-02  9.999862993123126431e-01
2.904609317067999991e-02  9.999893489218532050e-01
2.918761805519999933e-02  9.999897244569785348e-01
2.932942278233999917e-02  9.999914395200559802e-01
2.947151402308000046e-02  9.999935478507636644e-01
2.961389863362999877e-02  9.999932528617435645e-01
2.975658366153000056e-02  9.999950975659027685e-01
2.989957635216999865e-02  9.999950683607059521e-01
3.004288415544999896e-02  9.999976705984535696e-01
3.018651473279999886e-02  9.999988120983777096e-01
3.033047596443999919e-02  1.000000890319868718e+00
3.047477595702000053e-02  1.000001501715801933e+00
3.061942305151000090e-02  1.000003224839677518e+00
3.076442583151000124e-02  1.000004853031764229e+00
3.090979313188000135e-02  1.000004954948763292e+00
3.105553404776000004e-02  1.000009013921758561e+00
3.120165794400999934e-02  1.000008080418148149e+00
3.134817446503999905e-02  1.000008447440568160e+00
3.149509354517000120e-02  1.000010308364559508e+00
3.164242541934000202e-02  1.000009587347710394e+00
3.179018063445999964e-02  1.000012212700248870e+00
3.193837006117000027e-02  1.000016055205697141e+00
3.208700490621999718e-02  1.000014080299480357e+00
3.223609672546000338e-02  1.000018110456240672e+00
3.238565743738999747e-02  1.000018323763909089e+00
3.253569933740999703e-02  1.000019356200097853e+00
3.268623511281999738e-02  1.000021663543630979e+00
3.283727785843999769e-02  1.000021580554500966e+00
3.298884109313000162e-02  1.000021576268364409e+00
3.314093877712000202e-02  1.000023956880990328e+00
3.329358533017000299e-02  1.000024520356915803e+00
3.344679565072999905e-02  1.000026740843831696e+00
3.360058513611000053e-02  1.000028000885223811e+00
3.375496970364000315e-02  1.000027205656584206e+00
3.390996581306000152e-02  1.000028333042721762e+00
3.406559049001999656e-02  1.000029978361829386e+00
3.422186135093999854e-02  1.000031876695154365e+00
3.437879662918000290e-02  1.000031896349935723e+00
3.453641520271000243e-02  1.000033597327110835e+00
3.469473662331999664e-02  1.000034556361309557e+00
3.485378114751999656e-02  1.000034010043111543e+00
3.501356976912999713e-02  1.000034017762242211e+00
3.517412425391999720e-02  1.000036010811761633e+00
3.533546717614000077e-02  1.000038278383857060e+00
3.549762195732000108e-02  1.000037682429672392e+00
3.566061290739999667e-02  1.000040096342699192e+00
3.582446526832999689e-02  1.000039662805533691e+00
3.598920526038999756e-02  1.000040576056392849e+00
3.615486013141999688e-02  1.000042967293008900e+00
3.632145820912999895e-02  1.000042985724320932e+00
3.648902895680999903e-02  1.000045477558776597e+00
3.665760303260000297e-02  1.000046040420913718e+00
3.682721235268000132e-02  1.000046250394056591e+00
3.699789015870000308e-02  1.000046776669870852e+00
3.716967108968000089e-02  1.000047751249318662e+00
3.734259125890999897e-02  1.000048951938125041e+00
3.751668833607999659e-02  1.000051514142666687e+00
3.769200163526999908e-02  1.000050392328661442e+00
3.786857220911000327e-02  1.000051768198938928e+00
3.804644294981000124e-02  1.000052077971376407e+00
3.822565869748000000e-02  1.000053167791222108e+00
3.840626635660999988e-02  1.000053133623878487e+00
3.858831502117000128e-02  1.000055838477767578e+00
3.877185610938999744e-02  1.000054610291934765e+00
3.895694350889000040e-02  1.000057051847318634e+00
3.914363373324999951e-02  1.000057010258530221e+00
3.933198609106999810e-02  1.000057579735137647e+00
3.952206286878000296e-02  1.000058457039569859e+00
3.971392952839000040e-02  1.000058310552115026e+00
3.990765492187999669e-02  1.000059708317942331e+00
4.010331152376000324e-02  1.000059549277826365e+00
4.030097568366999838e-02  1.000060291764908627e+00
4.050072790128000227e-02  1.000061341955673866e+00
4.070265312556999721e-02  1.000062491273924437e+00
4.090684108135000246e-02  1.000063936423599698e+00
4.111338662601000254e-02  1.000064513596364169e+00
4.132239013965000041e-02  1.000065909807621223e+00
4.153395795262000006e-02  1.000064428169249897e+00
4.174820281474000278e-02  1.000064575681071988e+00
4.196524441096999986e-02  1.000067455144605821e+00
4.218520992929000041e-02  1.000066259742199870e+00
4.240823468700000154e-02  1.000065186523371175e+00
4.263446282287999822e-02  1.000068137851286121e+00
4.286404806337999751e-02  1.000069047254132482e+00
4.309715457256999699e-02  1.000069258831525865e+00
4.333395789679000271e-02  1.000069991713278705e+00
4.357464601689999689e-02  1.000069753992989252e+00
4.381942052269000021e-02  1.000071410699871377e+00
4.406849792685999662e-02  1.000072060536344232e+00
4.432211113832999760e-02  1.000071100351981102e+00
4.458051111846000197e-02  1.000071533180551864e+00
4.484396874727999971e-02  1.000072520248857844e+00
4.511277693220999696e-02  1.000073852889119097e+00
4.538725299699000043e-02  1.000074686060182794e+00
4.566774139582999853e-02  1.000074143503007829e+00
4.595461680613999872e-02  1.000075790356453220e+00
4.624828766347999914e-02  1.000075633173902245e+00
4.654920021478999720e-02  1.000077209328260164e+00
4.685784318135999965e-02  1.000077956189890704e+00
4.717475314182999896e-02  1.000076385288465097e+00
4.750052076872000179e-02  1.000076780792748643e+00
4.783579808093999658e-02  1.000078700025903267e+00
4.818130691052999875e-02  1.000078404777009933e+00
4.853784882680999696e-02  1.000079735367031430e+00
4.890631681773999900e-02  1.000080356318957753e+00
4.928770909888999935e-02  1.000080513253120751e+00
4.968314551083000130e-02  1.000079187890585253e+00
5.009388707950999942e-02  1.000079746831554983e+00
5.052135945937000217e-02  1.000078968814530178e+00
5.096718116401000032e-02  1.000079015780717562e+00
5.143319772492999792e-02  1.000080086978394567e+00
5.192152321882999993e-02  1.000078570758812235e+00
5.243459098428000092e-02  1.000080635195286227e+00
5.297521582492999842e-02  1.000078747215590091e+00
5.354667058495000270e-02  1.000078132593451796e+00
5.415278068553999735e-02  1.000078598714319700e+00
5.479804100676000100e-02  1.000077120476132286e+00
5.548776029955999889e-02  1.000077986637595062e+00
5.622823889650999801e-02  1.000077367645578086e+00
5.702698536214999975e-02  1.000075235457661860e+00
5.789297585783999972e-02  1.000074904378386087e+00
5.883695437219999685e-02  1.000072886963823349e+00
5.987175882771000185e-02  1.000072292520033157e+00
6.101263091228999874e-02  1.000069110340842560e+00
6.227741637856999690e-02  1.000066898122714765e+00
6.368647613203000379e-02  1.000063894575314638e+00
6.526200481100999373e-02  1.000061292813016589e+00
6.702633206345000316e-02  1.000056887301475683e+00
6.899880138462000101e-02  1.000052349122154016e+00
7.119125399891999828e-02  1.000046911509799852e+00
7.360320779619999865e-02  1.000041674264280811e+00
7.621908062556999319e-02  1.000035865632429299e+00
7.900980058715000032e-02  1.000030501954143114e+00
8.193880733595999832e-02  1.000025349431811872e+00
8.496948533716999763e-02  1.000018401096429699e+00
8.807058611021000016e-02  1.000014123596589810e+00
9.121833344884999750e-02  1.000009831597781007e+00
9.439602745304999376e-02  1.000005729758697948e+00
9.759255174868999849e-02  1.000000779143067842e+00
1.008007604099000060e-01  9.999984856383191678e-01
1.040161603249999955e-01  9.999969359199497587e-01
1.072359650201999970e-01  9.999935594571304209e-01
1.104584609593999983e-01  9.999861567847839749e-01
1.136825997666000010e-01  9.999822656459257386e-01
1.169077419377999999e-01  9.999771928778847796e-01
1.201334980154999954e-01  9.999718468270302196e-01
1.233596309891999976e-01  9.999644552563528022e-01
1.265859966241000001e-01  9.999569966375949637e-01
1.298125070904999900e-01  9.999503458050762461e-01
1.330391088353999884e-01  9.999430617835372015e-01
1.362657691336000010e-01  9.999360496250483399e-01
1.394924679192000028e-01  9.999294095975203023e-01
1.427191928253999931e-01  9.999234391933059518e-01
1.459459361724000093e-01  9.999172500301157784e-01
1.491726931387999944e-01  9.999126654075700671e-01
1.523994606500999882e-01  9.999082651522065435e-01
1.556262367035000094e-01  9.999040533383910523e-01
1.588530199574000046e-01  9.999008572707189790e-01
1.620798094804999923e-01  9.998974976257716252e-01
1.653066045998999867e-01  9.998947809128152509e-01
1.685334048070999957e-01  9.998920939271686015e-01
1.717602097005999917e-01  9.998891583850413323e-01
1.749870189506000095e-01  9.998854960907871403e-01
1.782138322769999950e-01  9.998822534255714656e-01
1.814406494350999932e-01  9.998784292622842074e-01
1.846674702068999974e-01  9.998734099326824776e-01
1.878942943955000111e-01  9.998693519065435797e-01
1.911211218206000095e-01  9.998638137503191858e-01
1.943479523162000011e-01  9.998595282975427656e-01
1.975747857285999887e-01  9.998544763243094602e-01
2.008016219147999992e-01  9.998499363245378913e-01
2.040284607412999884e-01  9.998450905478937223e-01
2.072553020834000115e-01  9.998402067715466135e-01
2.104821458241999954e-01  9.998382376989994880e-01
2.137089918542000033e-01  9.998347412825757674e-01
2.169358400702000034e-01  9.998322380927139319e-01
2.201626903754000109e-01  9.998320801104605415e-01
2.233895426786000060e-01  9.998296273070133022e-01
2.266163968939000073e-01  9.998270695031729050e-01
2.298432529399999924e-01  9.998250653543603317e-01
2.330701107404999917e-01  9.998236628479599819e-01
2.362969702228999991e-01  9.998220799721289076e-01
2.395238313188000068e-01  9.998195741009645587e-01
2.427506939634999916e-01  9.998174205792028646e-01
2.459775580956000129e-01  9.998139654338634719e-01
2.492044236569999904e-01  9.998110243487849935e-01
2.524312905925000239e-01  9.998067350447371604e-01
2.556581588496000257e-01  9.998025023465562100e-01
2.588850283788999840e-01  9.997979201117150883e-01
2.621118991327999748e-01  9.997934068557413623e-01
2.653387710665000010e-01  9.997891492514250356e-01
2.685656441372999970e-01  9.997855457900519660e-01
2.717925183043000126e-01  9.997821232956689563e-01
2.750193935288000047e-01  9.997779595802239738e-01
2.782462697736999835e-01  9.997724149793256743e-01
2.814731470037999950e-01  9.997702046351891747e-01
2.847000251853999964e-01  9.997669559818266327e-01
2.879269042863000228e-01  9.997651909798591641e-01
2.911537842756999894e-01  9.997630618376710521e-01
2.943806651243000005e-01  9.997606205960180015e-01
2.976075468041000094e-01  9.997585525387888694e-01
3.008344292880000270e-01  9.997567052455693659e-01
3.040613125503999759e-01  9.997534963147209908e-01
3.072881965666000026e-01  9.997523292348698964e-01
3.105150813131000165e-01  9.997495252006529665e-01
3.137419667670000023e-01  9.997465084787654499e-01
3.169688529067999916e-01  9.997444000581179324e-01
3.201957397115999804e-01  9.997410993722302130e-01
3.234226271614000225e-01  9.997381279027436340e-01
3.266495152369000010e-01  9.997344080316584725e-01
3.298764039197999987e-01  9.997310877878817781e-01
3.331032931922000007e-01  9.997284629981488813e-01
3.363301830372000256e-01  9.997246744827499310e-01
3.395570734384000255e-01  9.997202895031981340e-01
3.427839643798999969e-01  9.997161830867051791e-01
3.460108558464999873e-01  9.997159343487990180e-01
3.492377478236999844e-01  9.997118409963383634e-01
3.524646402973999892e-01  9.997096034018670974e-01
3.556915332539999919e-01  9.997053248959363314e-01
3.589184266802999956e-01  9.997049003290068292e-01
3.621453205638999751e-01  9.997013171886459659e-01
3.653722148924000157e-01  9.997000346946912641e-01
3.685991096542999834e-01  9.996984950482707966e-01
3.718260048381000216e-01  9.996959816296571155e-01
3.750529004329000160e-01  9.996928305031966833e-01
3.782797964281999770e-01  9.996902992286930134e-01
3.815066928138000080e-01  9.996867843780831153e-01
3.847335895796999972e-01  9.996854077862754595e-01
3.879604867165000193e-01  9.996818655180939039e-01
3.911873842149000136e-01  9.996788159126814843e-01
3.944142820659999882e-01  9.996759452515383559e-01
3.976411802613000201e-01  9.996730332766140537e-01
4.008680787923000199e-01  9.996705446116256333e-01
4.040949776510999736e-01  9.996652675379138486e-01
4.073218768297000025e-01  9.996612434631583222e-01
4.105487763205000196e-01  9.996603353171300554e-01
4.137756761163999819e-01  9.996588316855018475e-01
4.170025762101000066e-01  9.996568960952764149e-01
4.202294765947999777e-01  9.996497814399161186e-01
4.234563772637999768e-01  9.996505861723770092e-01
4.266832782105000055e-01  9.996509318244988229e-01
4.299101794288999745e-01  9.996478018068303273e-01
4.331370809126000032e-01  9.996452596184357553e-01
4.363639826560000157e-01  9.996412840766886188e-01
4.395908846530999781e-01  9.996404200237631876e-01
4.428177868984000121e-01  9.996371935310511825e-01
4.460446893866000240e-01  9.996341797292980225e-01
4.492715921123000000e-01  9.996320758008033769e-01
4.524984950704999953e-01  9.996288856873707385e-01
4.557253982562999850e-01  9.996275949620813117e-01
4.589523016647000242e-01  9.996269456319130109e-01
4.621792052911000148e-01  9.996264905224473418e-01
4.654061091310999765e-01  9.996191866797462522e-01
4.686330131800000021e-01  9.996174508561752603e-01
4.718599174336999824e-01  9.996140573482400482e-01
4.750868218879999993e-01  9.996140166568011631e-01
4.783137265387000236e-01  9.996083291705274432e-01
4.815406313819999840e-01  9.996055891585253761e-01
4.847675364139000243e-01  9.996056287911465610e-01
4.879944416308000243e-01  9.996013646494854576e-01
4.912213470287999928e-01  9.995978107141146873e-01
4.944482526046000137e-01  9.996008706574212033e-01
4.976751583546000224e-01  9.995945705978743767e-01
5.009020642754999919e-01  9.995931748720141563e-01
5.041289703639000308e-01  9.995867603251140654e-01
5.073558766165999767e-01  9.995886072983317661e-01
5.105827830306000070e-01  9.995865745912924094e-01
5.138096896027000149e-01  9.995841830627361091e-01
5.170365963301000178e-01  9.995792968674104273e-01
5.202635032097000511e-01  9.995790097634689175e-01
5.234904102388000524e-01  9.995741559409681010e-01
5.267173174146999592e-01  9.995736910606441983e-01
5.299442247346000112e-01  9.995691445911722983e-01
5.331711321958999550e-01  9.995686526728072563e-01
5.363980397961000124e-01  9.995654459116751767e-01
5.396249475326000411e-01  9.995666845695522218e-01
5.428518554029999610e-01  9.995596741450126776e-01
5.460787634049999451e-01  9.995577622439508758e-01
5.493056715362000242e-01  9.995556923592028298e-01
5.525325797943000383e-01  9.995524895985495872e-01
5.557594881772000006e-01  9.995519137004156285e-01
5.589863966825999730e-01  9.995528187046659463e-01
5.622133053083999688e-01  9.995507683491677842e-01
5.654402140526000320e-01  9.995421053041941839e-01
5.686671229131999850e-01  9.995425676142791760e-01
5.718940318881999829e-01  9.995410175891400462e-01
5.751209409755000390e-01  9.995380313609136813e-01
5.783478501734999888e-01  9.995352893677339479e-01
5.815747594801999876e-01  9.995337469759746352e-01
5.848016688936999996e-01  9.995332176473857855e-01
5.880285784123999715e-01  9.995280907725642150e-01
5.912554880346000408e-01  9.995265771133656774e-01
5.944823977583999497e-01  9.995242817881188069e-01
5.977093075824000401e-01  9.995219562277324332e-01
6.009362175047999743e-01  9.995223362199904260e-01
6.041631275240999521e-01  9.995174713501517871e-01
6.073900376387000311e-01  9.995149673118987055e-01
6.106169478470999668e-01  9.995078049843588719e-01
6.138438581477999589e-01  9.995108997750522528e-01
6.170707685395000475e-01  9.995095164660225961e-01
6.202976790205999569e-01  9.995085555783900233e-01
6.235245895897000290e-01  9.995052851580574771e-01
6.267515002456000017e-01  9.995011128208363127e-01
6.299784109867999637e-01  9.994963989284824102e-01
6.332053218120999860e-01  9.994967285754593478e-01
6.364322327200999663e-01  9.994942504326324029e-01
6.396591437097000066e-01  9.994905739400750111e-01
6.428860547796000358e-01  9.994891115958998151e-01
6.461129659284999827e-01  9.994872214823614653e-01
6.493398771553999804e-01  9.994849976365862698e-01
6.525667884589999579e-01  9.994810798853767109e-01
6.557936998382000171e-01  9.994786311521003386e-01
6.590206112918000070e-01  9.994766187857927475e-01
6.622475228188999807e-01  9.994743784571625822e-01
6.654744344184000404e-01  9.994728068348014416e-01
6.687013460891000349e-01  9.994706059099470741e-01
6.719282578299999864e-01  9.994691439439196134e-01
6.751551696401999481e-01  9.994636453158676215e-01
6.783820815187000530e-01  9.994644672455352818e-01
6.816089934643999593e-01  9.994613099053570870e-01
6.848359054764000531e-01  9.994583810463624207e-01
6.880628175538999747e-01  9.994555141979236668e-01
6.912897296958000481e-01  9.994528420812069935e-01
6.945166419013000247e-01  9.994517288774216190e-01
6.977435541694999577e-01  9.994473525692952887e-01
7.009704664995000112e-01  9.994445687865679551e-01
7.041973788905000475e-01  9.994444937336353085e-01
7.074242913416000089e-01  9.994426097594515390e-01
7.106512038519999797e-01  9.994400499290414519e-01
7.138781164209000440e-01  9.994384891319109121e-01
7.171050290475999844e-01  9.994357998536240739e-01
7.203319417311999651e-01  9.994321844913870434e-01
7.235588544708999592e-01  9.994304010787583570e-01
7.267857672661000024e-01  9.994281282129187094e-01
7.300126801159000367e-01  9.994258736715835312e-01
7.332395930198000178e-01  9.994229873942229725e-01
7.364665059768999988e-01  9.994206407624647293e-01
7.396934189864999842e-01  9.994179682187218638e-01
7.429203320480000095e-01  9.994163917611439407e-01
7.461472451606999678e-01  9.994134515685606512e-01
7.493741583238999748e-01  9.994112042844544019e-01
7.526010715369999549e-01  9.994091441179202562e-01
7.558279847994000544e-01  9.994059186731415467e-01
8.254803979107999679e-01  9.993521678874913716e-01
9.260321275335999802e-01  9.992761956636648790e-01
1.085583507221000055e+00  9.991480850280799464e-01
1.338471756351000019e+00  9.989226487659083054e-01
1.682644885640000032e+00  9.985521625656886835e-01
2.118282068669000040e+00  9.979712483513262233e-01
2.666758980371000121e+00  9.970425000358686951e-01
3.357250647449999903e+00  9.954937242227226424e-01
4.226528153837000090e+00  9.928568999248407190e-01
5.320883696529000062e+00  9.885873606551047743e-01
6.698595698762000339e+00  9.812088066101006811e-01
8.433032348507000009e+00  9.689932040341383557e-01
1.061655872202000062e+01  9.489577388587295825e-01
1.336545556095000009e+01  9.166131098119066900e-01
1.682611164588999841e+01  8.664437010757366497e-01
2.118281953270000173e+01  7.917838103006863415e-01
2.666758980315999850e+01  6.892012877514713809e-01
3.357250647450000258e+01  5.599337688050245454e-01
4.226528153836999735e+01  4.177021716326518308e-01
5.320883696528999707e+01  2.809492911453148611e-01
6.698595698761999984e+01  1.664006499589697763e-01
8.433032348506999654e+01  9.131872470640178818e-02
1.061655872201999955e+02  4.441249319614708896e-02
1.336545556094999938e+02  1.961115376546879174e-02
1.682611164589000055e+02  7.760861885889019235e-03
2.118281953270000031e+02  2.344864929956575177e-03
2.666758980316000134e+02  5.116173167077910870e-04
3.357250647449999974e+02  2.481423818697298719e-03
4.226528153836999877e+02  1.651946159076822952e-03
